% # columns="iteration, evaluation, void, void, void, xmean", seed=978275, Tue Jun 23 16:51:13 2020, <python>{}</python> # scaling_of_variables: 1, typical_x: 0
1 8 0 0 0 0.011949788205682264 0.513037634317889 0.5850263109113696 0.15480331205567607
2 16 0 0 0 -0.02674203322895896 0.7491492848688905 0.6150685163896652 0.48898896938712755
3 24 0 0 0 0.1764588902477038 0.5929818784108044 0.7268721824410672 0.6307154113899294
4 32 0 0 0 0.7270640124634271 1.2053071762828695 0.6341634896174981 1.0406725193230624
5 40 0 0 0 0.36886642873561526 1.506348896474088 0.8279971049457195 1.2232655137014903
6 48 0 0 0 0.6638149628211838 0.9588294498922624 0.5933466977292097 1.1556469463626742
7 56 0 0 0 0.4343890009250638 1.287701248994206 0.5781025309573834 1.172292001446598
8 64 0 0 0 0.31537861508404175 1.4782762135951228 0.6072608974498708 1.2572694795073935
9 72 0 0 0 0.29540500587305585 1.4033930983478768 0.6813609337246389 1.1309163211183393
10 80 0 0 0 0.4436155925301758 1.7726048314993188 0.6785675477965077 1.1173757174441832
11 88 0 0 0 0.34987221293718795 1.4137173938382774 0.7151401639608345 0.9538214090957983
12 96 0 0 0 0.31001770019541514 1.5968473621680246 0.809424140826429 0.9207662241997623
13 104 0 0 0 0.2838638132125268 1.407727091651875 0.7640254587851105 0.9983579777468824
14 112 0 0 0 0.375837354638279 1.3996348663751996 0.5972648296027895 1.123414034578562
15 120 0 0 0 0.33460430957036935 1.3180294329927615 0.627657459448603 1.2618008704538957
16 128 0 0 0 0.48660993738514813 1.246519509666029 0.37803575982203114 1.4256478037599745
17 136 0 0 0 0.41561363207742946 1.2097541365006865 0.4356180359656754 1.3709720984902252
18 144 0 0 0 0.45967607080670203 1.5969925856009277 0.36629688397545196 1.3188069158881752
19 152 0 0 0 0.4710992406167448 1.4928311693861183 0.47365343105714575 1.306073482743589
20 160 0 0 0 0.4163707371780198 1.6793305829948182 0.5445051068840009 1.250232983889369
21 168 0 0 0 0.3906671939372001 1.5585544510225264 0.5651410022158637 1.2193628707670165
22 176 0 0 0 0.38572471732332014 1.5216977021188753 0.4236520530737367 1.3817211389920832
23 184 0 0 0 0.4059665523867979 1.730763218122612 0.48292745748528154 1.256522175248614
24 192 0 0 0 0.42647932734013594 1.705995038177349 0.4817568053329594 1.275892813105603
25 200 0 0 0 0.4243492565876941 1.664534428909926 0.40810657326651173 1.3523355179035086
26 208 0 0 0 0.4292031561599048 1.6809788534975696 0.34582752004306694 1.4529922800361033
27 216 0 0 0 0.46487004854748204 1.7246195683436818 0.3052769416131746 1.552489456499321
28 224 0 0 0 0.44979825250661537 1.6808527364626826 0.2949333215769618 1.5373905110490325
29 232 0 0 0 0.39383677329472455 1.68085888054275 0.32846432711581836 1.57813657446885
30 240 0 0 0 0.3478906903035571 1.6977561270212023 0.2821713866490797 1.7122850299337773
31 248 0 0 0 0.3709742204989461 1.775380241564349 0.3191963252093588 1.6040477394698387
32 256 0 0 0 0.3913478764525144 1.7357444596567577 0.28576603730053385 1.6584101660215722
33 264 0 0 0 0.4174238597140775 1.737350044319508 0.2554864345109829 1.69026925133856
34 272 0 0 0 0.4370330479414311 1.7473570140264827 0.2510164395509337 1.7014917932451574
35 280 0 0 0 0.42985278811586036 1.7357636625669117 0.2747305309213143 1.6503262580382594
36 288 0 0 0 0.43962685422812897 1.7310028202157641 0.26493499535746734 1.6553611363001097
37 296 0 0 0 0.4293973545973597 1.7283988649146926 0.2740294570743785 1.6743710105446938
38 304 0 0 0 0.42721970269885196 1.7015157235561622 0.2617975962151497 1.687068086026791
39 312 0 0 0 0.41383407410020784 1.6925214735444691 0.2642774838706243 1.7161998854825433
40 320 0 0 0 0.4240175569532719 1.6913339481065603 0.25964793680830284 1.7429924537546575
41 328 0 0 0 0.40666303988885877 1.6981224587984534 0.24168518088532226 1.79039082926901
42 336 0 0 0 0.4216246943927751 1.7009195087900675 0.2493153381136778 1.7844554994808703
43 344 0 0 0 0.4131403704319921 1.6888101796830755 0.253385234475578 1.8110002734364647
44 352 0 0 0 0.40468618187544647 1.6731753219544068 0.21441444608575355 1.8797851086272286
45 360 0 0 0 0.4206848039044861 1.6827696262514784 0.21440293799100432 1.9186414796686275
46 368 0 0 0 0.4222409924664107 1.6635393250946517 0.19391920960965572 2.0207445407470206
47 376 0 0 0 0.44299301828100496 1.678462597650613 0.1814305696361907 2.099673427217381
48 384 0 0 0 0.4552536327274851 1.7126240882454213 0.15650562809188676 2.221937339394788
49 392 0 0 0 0.4126900915596591 1.6952589483441376 0.1455789002385183 2.3091258468634552
50 400 0 0 0 0.4041455105839985 1.707695119015841 0.17240620688469663 2.190863088684039
51 408 0 0 0 0.41241570186478055 1.6845816183698779 0.16031651737597724 2.2811426744429837
52 416 0 0 0 0.4373460789551876 1.6846848319888057 0.15293156627435453 2.28308110002925
53 424 0 0 0 0.4645751462059344 1.6492964604618494 0.138694976104563 2.402030624513435
54 432 0 0 0 0.46208687743846305 1.64240411937095 0.13895246037955092 2.40522056986
55 440 0 0 0 0.429907676861442 1.635930990553768 0.14178486866529733 2.35058892009587
56 448 0 0 0 0.4531167686150421 1.6377202623551002 0.14415788879037272 2.303286244836724
57 456 0 0 0 0.4898615162266177 1.646423632709674 0.13793988230797027 2.377346668244137
58 464 0 0 0 0.5082726855103327 1.6516953270314194 0.12847511538062542 2.4524388001438058
59 472 0 0 0 0.48567207348382385 1.6447255550879545 0.11767068052276569 2.5716202886804584
60 480 0 0 0 0.47758054667102257 1.638953979391836 0.11823099948267603 2.6005949793737133
61 488 0 0 0 0.4916092227148787 1.629341597065315 0.10911986342711326 2.769782513002786
62 496 0 0 0 0.5161489781790054 1.6403647416311495 0.08795168492552786 2.957068307723201
63 504 0 0 0 0.5555625083008431 1.6111719449652568 0.07791810600504402 3.1052060117754547
64 512 0 0 0 0.5679812115149379 1.6194813788216664 0.08321060980466753 3.1153308027357585
65 520 0 0 0 0.5089204096171065 1.6186304422590974 0.08137826688494203 3.15082545078964
66 528 0 0 0 0.5110043691371666 1.624586274851854 0.0848084578142601 3.1286783230264614
67 536 0 0 0 0.5271131118919542 1.6235500514644872 0.07421898629085588 3.311806579264523
68 544 0 0 0 0.5437559424649263 1.6170396668778912 0.06462936364054601 3.511604072508148
69 552 0 0 0 0.5661124507924338 1.6213930564756434 0.06443443963508622 3.4798415584729008
70 560 0 0 0 0.5455233402744624 1.634514036376396 0.06211043147326453 3.5333419611060473
71 568 0 0 0 0.5693018057822582 1.6265457854320766 0.059382503933424625 3.639163091957691
72 576 0 0 0 0.5862977574991629 1.635609966903699 0.05757629332536416 3.6564414305168205
73 584 0 0 0 0.5722651166386835 1.6314130116012018 0.061830113033688246 3.6052073147872985
74 592 0 0 0 0.5731875089554551 1.6376234744757132 0.05835491882589674 3.6868495436320337
75 600 0 0 0 0.5821448173925843 1.6411328819080593 0.05522748102890887 3.7314482332676495
76 608 0 0 0 0.5490324046782967 1.6282214521850675 0.053314681696909394 3.7916624015194698
77 616 0 0 0 0.546675149830202 1.6189536025527447 0.05426509038664125 3.7952853158639455
78 624 0 0 0 0.5606643426401985 1.6227189114918632 0.0511031109614821 3.90644977480353
79 632 0 0 0 0.5681287516143585 1.6181253252879653 0.05053286966909939 3.9775171993360883
80 640 0 0 0 0.5621641062652174 1.613747494932055 0.04660383478629819 4.136725195054025
81 648 0 0 0 0.5555773288480402 1.625797099092084 0.04802778736128293 4.116611059891458
82 656 0 0 0 0.5503490553814855 1.6350628370736664 0.04490869255861025 4.169637070739232
83 664 0 0 0 0.540846113352556 1.6318089782365675 0.04681143596379524 4.1216623758593
84 672 0 0 0 0.5479684092301498 1.6382436849661282 0.043929060715247305 4.220811431349882
85 680 0 0 0 0.5418201598569152 1.6371438973343686 0.04327760635133078 4.256827073295458
86 688 0 0 0 0.5461293597050981 1.633796765331638 0.04076096310243863 4.367841872467815
87 696 0 0 0 0.5447416945145279 1.6350012550513897 0.03932146723983413 4.43316843934812
88 704 0 0 0 0.5387520594250095 1.6472261037191716 0.03879363797335 4.484842480855073
89 712 0 0 0 0.5441060317778856 1.6467543314651862 0.03638633830191501 4.618123983581227
90 720 0 0 0 0.5397849117652664 1.656477004372053 0.0354199399429559 4.704424784740007
91 728 0 0 0 0.551610208791523 1.6470360149301237 0.03774745307974254 4.6495574518704395
92 736 0 0 0 0.5438255273896162 1.6473541642467469 0.03781981951477259 4.615622586388891
93 744 0 0 0 0.5635971780771764 1.648497501608718 0.03518864368042062 4.7431083419501485
94 752 0 0 0 0.556223718653531 1.6506264810869529 0.03345447140556123 4.85391173690201
95 760 0 0 0 0.5616087816280821 1.6545190628744728 0.03356446574731895 4.87698724209533
96 768 0 0 0 0.5547698372529476 1.646093128651829 0.03393246266741487 4.939935963867969
97 776 0 0 0 0.545933213762409 1.6593116432429706 0.02899753334723376 5.180920147109749
98 784 0 0 0 0.5488312650799629 1.6341395053775076 0.03153363808561685 5.052705484914423
99 792 0 0 0 0.5220577608291458 1.645287691368093 0.028481099443381605 5.279711445725363
100 800 0 0 0 0.5285230842529927 1.635209321084713 0.029740858381496125 5.269689974606368
101 808 0 0 0 0.5430958972157336 1.6415602676376029 0.026594982683761422 5.496875713005908
102 816 0 0 0 0.5318213009442972 1.6477106851741954 0.025229530308601048 5.671964947395688
103 824 0 0 0 0.5050821412887768 1.628476706356747 0.024523050395945573 5.87235242310119
104 832 0 0 0 0.5126219594835824 1.637711099862871 0.023454572390437193 5.947430442264477
105 840 0 0 0 0.536038158657369 1.6336379982550169 0.022363626083002856 6.044074825855882
106 848 0 0 0 0.5537068392599779 1.6452910998096593 0.022528513780869924 6.0119686932240155
107 856 0 0 0 0.5639175585259335 1.6502087014090654 0.02092976469126226 6.210608657505047
108 864 0 0 0 0.5668441156920107 1.6471696527813577 0.01970916101932976 6.330613798892516
109 872 0 0 0 0.5477590347392242 1.6391270791797334 0.018749681746262126 6.629308247668354
110 880 0 0 0 0.5041453520705482 1.6250962170967365 0.01740174020545532 6.8537003025637135
111 888 0 0 0 0.5197426425363604 1.6419116195185381 0.01812625080127693 6.837275662324402
112 896 0 0 0 0.5234743865643807 1.6426350878666278 0.01663108592209426 7.067658464795783
113 904 0 0 0 0.5544270538902716 1.6449753843736399 0.016230947558410407 7.091574664036865
114 912 0 0 0 0.5742379383024242 1.6585721779193139 0.01549031678300907 7.201272002145089
115 920 0 0 0 0.5680279826597064 1.6533709369417444 0.013697668728717775 7.513227865306628
116 928 0 0 0 0.5674752671981138 1.6631994783035737 0.013966521939449125 7.5469308218290845
117 936 0 0 0 0.5554401762316489 1.6435842762298607 0.01287944307334804 7.741285523235478
118 944 0 0 0 0.5353496567597427 1.6443370978580065 0.01291813861485708 7.980807620484696
119 952 0 0 0 0.5231483317170496 1.638260109556197 0.012696477221643415 8.037188033667151
120 960 0 0 0 0.5185197975440251 1.639827512904759 0.011136245287104317 8.422118106136875
121 968 0 0 0 0.5243909121867393 1.633452091203186 0.012447357682249301 8.195395304387663
122 976 0 0 0 0.5218233501342642 1.6348715398107034 0.012097576011696726 8.33979919505111
123 984 0 0 0 0.5312375977995409 1.635126494135988 0.011723078871390943 8.37164597661325
124 992 0 0 0 0.5373592954583922 1.6305938991507392 0.011906523452578185 8.372412317041226
125 1000 0 0 0 0.5462330099264923 1.63354413637633 0.011625126115732368 8.385178521712039
126 1008 0 0 0 0.5547031440998893 1.6415849800848377 0.0115387626168928 8.391711315355197
127 1016 0 0 0 0.5570306391679308 1.6416122827861706 0.010846796252124034 8.621989089507819
128 1024 0 0 0 0.5508681502392788 1.638396215316524 0.010587853871085382 8.66683181841551
129 1032 0 0 0 0.5630840891558546 1.6410512171819687 0.010143291140898677 8.80607816456902
130 1040 0 0 0 0.5656309562452756 1.6476105290091576 0.010123332890306256 8.918921359871009
131 1048 0 0 0 0.5725265685821189 1.6432459945924123 0.010109426901251828 8.888950331422796
132 1056 0 0 0 0.5661517090845999 1.6320017248386394 0.010272621044900673 8.900041689944393
133 1064 0 0 0 0.5634005654502514 1.6302938813689367 0.010596565841738402 8.770760587007135
134 1072 0 0 0 0.5564092136866189 1.6310063233520122 0.009801882160239625 9.080970592511528
135 1080 0 0 0 0.5628634990745238 1.630839715843426 0.010109090907472992 8.933310085575291
136 1088 0 0 0 0.5633708640657645 1.637538369997654 0.00992498767093706 8.973657324526569
137 1096 0 0 0 0.5578168221370984 1.6365278341576113 0.009336683999756594 9.26679014421944
138 1104 0 0 0 0.5541183551748324 1.635674276430446 0.009278142051840108 9.361743108198276
139 1112 0 0 0 0.5561293580705908 1.6390240163488685 0.009150997375072412 9.412920137639015
140 1120 0 0 0 0.5556275978831959 1.6338814425850443 0.008687299596203365 9.562005545790583
141 1128 0 0 0 0.5607179908607312 1.6271659214103427 0.008823313591015491 9.568173655782255
142 1136 0 0 0 0.5484764674829676 1.6257673619094186 0.008703795562909306 9.614203238323235
143 1144 0 0 0 0.546902610033693 1.6270747826988257 0.008806698875312265 9.636940790351836
144 1152 0 0 0 0.555983112349636 1.6315471331659253 0.008429956077577674 9.812604071279301
145 1160 0 0 0 0.5623911626520619 1.6298661246031083 0.008213222232583785 9.925077183078848
146 1168 0 0 0 0.5508362871181516 1.6319116982103161 0.008209472970014278 9.979901981055686
147 1176 0 0 0 0.5506225042316534 1.6326019011343835 0.007754228265238655 10.226009220566926
148 1184 0 0 0 0.5465828571003748 1.631620970816025 0.007307487894908605 10.490467623365344
149 1192 0 0 0 0.5464664634928157 1.6490228175947743 0.007033743156894131 10.669731980368864
150 1200 0 0 0 0.5370164938856802 1.646324599817284 0.00821877104701942 9.962315944412632
151 1208 0 0 0 0.5465528050532168 1.6439708408144131 0.008078234168342633 9.98132410408401
152 1216 0 0 0 0.5390073300050651 1.6494732735446658 0.00729525849463667 10.509072611305422
153 1224 0 0 0 0.5331862071662304 1.6519898777488433 0.006852184772722871 10.859983239906015
154 1232 0 0 0 0.5460997653862348 1.6512754827907696 0.00700091069300132 10.73223444539152
155 1240 0 0 0 0.5594366087207612 1.6499091765680722 0.00694944521742808 10.73009041001603
156 1248 0 0 0 0.5670938737580633 1.6445227817459314 0.006578770573544652 10.934422997698444
157 1256 0 0 0 0.5701487423266364 1.6455655130849478 0.006913468698990849 10.749747818077324
158 1264 0 0 0 0.5737594894374495 1.6408060987165385 0.006826211214670225 10.806305559025366
159 1272 0 0 0 0.5611251988765814 1.6344870151604232 0.0065493547972540365 10.989824487537186
160 1280 0 0 0 0.5617927920713738 1.6388394376660302 0.006694621740780336 10.951101668664574
161 1288 0 0 0 0.571016147449861 1.6391730871633214 0.00635909524098777 11.134218225865354
162 1296 0 0 0 0.561137219325454 1.63365635394838 0.006357881507106143 11.153650356687008
163 1304 0 0 0 0.5612125834333522 1.6369519488127116 0.006483584262727773 11.131919158676665
164 1312 0 0 0 0.5608638215039731 1.6294976670702523 0.006488876328964029 11.106625100108133
165 1320 0 0 0 0.549450848771183 1.629427617970098 0.006388496664841239 11.216703896831564
166 1328 0 0 0 0.540906372790988 1.6345457619473336 0.006331914542093384 11.322087064920408
167 1336 0 0 0 0.5567883244824702 1.6308405331486242 0.00630799517407089 11.313911795491492
168 1344 0 0 0 0.559477003315918 1.6334283807577452 0.006172188435805372 11.430501351157814
169 1352 0 0 0 0.5614104109723602 1.6335150191435819 0.005827087656238438 11.744944050373698
170 1360 0 0 0 0.576130093407622 1.631145130447246 0.005641647180739688 11.936614714129636
171 1368 0 0 0 0.5668493095959769 1.6234863950399998 0.006023069180163033 11.619336236061496
172 1376 0 0 0 0.5629496725128846 1.6222021507878348 0.005617820923121112 12.012629622386815
173 1384 0 0 0 0.5774765635236841 1.6246361312266755 0.005614057529230556 12.048462254838325
174 1392 0 0 0 0.5693398036335774 1.6329672387833474 0.00530617194853584 12.336381594126438
175 1400 0 0 0 0.5682414076047339 1.6270662276868106 0.005238052660335001 12.493592486908206
176 1408 0 0 0 0.5637174512956828 1.6263034667771914 0.00499411857651261 12.828991961175822
177 1416 0 0 0 0.5639978545283962 1.6409223904021337 0.004497770897300274 13.361329908634373
178 1424 0 0 0 0.5482761956813509 1.6397912671295665 0.004648855144024372 13.256426432972654
179 1432 0 0 0 0.5550335952936077 1.6294700439745098 0.004600642436448937 13.3000495412936
180 1440 0 0 0 0.5740981210278617 1.6333863770532775 0.004487087029410945 13.263638767651218
181 1448 0 0 0 0.5611329203759191 1.6351875064348176 0.004570328776077036 13.283870191909129
182 1456 0 0 0 0.5588507051306929 1.6297214353263152 0.004552857973593135 13.342731244898097
183 1464 0 0 0 0.5566183654465602 1.6330558699471474 0.004383641678058517 13.56424522405894
184 1472 0 0 0 0.5660384102600599 1.637551239607114 0.00422135240592994 13.797888815797132
185 1480 0 0 0 0.567321289344393 1.6381577401490726 0.004151433189464045 13.936520073699885
186 1488 0 0 0 0.560239130562063 1.638723819190758 0.003959288532053197 14.276943921776347
187 1496 0 0 0 0.5729161364636507 1.6393390271622732 0.0037074251569296146 14.62378000764779
188 1504 0 0 0 0.5625752169457856 1.640130891229919 0.003812582164213597 14.514411648416083
189 1512 0 0 0 0.5640132701072942 1.637330414741216 0.0038609972308046685 14.585583038262198
190 1520 0 0 0 0.5759973197268964 1.6418869736658837 0.0037003224047343197 14.804127229462111
191 1528 0 0 0 0.5814848996414161 1.6363965455512754 0.003424648343974139 15.252562257107918
192 1536 0 0 0 0.5636335141277258 1.637989589897324 0.0034601548468270143 15.306413054515701
193 1544 0 0 0 0.5572004946975367 1.6281260492080825 0.003548075976131473 15.155059103823442
194 1552 0 0 0 0.5568369782239666 1.6295820777437993 0.003701097636144608 14.825305148697879
195 1560 0 0 0 0.5630893288420762 1.6326407742917681 0.0036117186703337333 15.04275675247635
196 1568 0 0 0 0.576424206787555 1.634373439694742 0.003508797769909587 15.189309506243582
197 1576 0 0 0 0.573719490153848 1.6300697152033898 0.0034623157342648305 15.316961696283519
198 1584 0 0 0 0.5725192096233812 1.630220438270599 0.0033067090693996394 15.537554647374861
199 1592 0 0 0 0.5716501794758111 1.632040389111333 0.003299993635230378 15.55561455645894
200 1600 0 0 0 0.569280898211278 1.6322763708557768 0.0032745658072754883 15.629406569747035
201 1608 0 0 0 0.5713050849903922 1.6310631022880318 0.003248848073147589 15.724679494309505
202 1616 0 0 0 0.5672317449069278 1.631969691380418 0.003183310321915319 15.919937177243156
203 1624 0 0 0 0.5695415819383072 1.6339263906173431 0.0030954688922720562 16.18494016543903
204 1632 0 0 0 0.5568506029352798 1.6343033723035658 0.003027700821796072 16.359344266214478
205 1640 0 0 0 0.5590372482273955 1.629010526472038 0.0029797264298872046 16.59705280943466
206 1648 0 0 0 0.5615517025039006 1.6309072834332823 0.0028950371914785674 16.737319405629556
207 1656 0 0 0 0.5712255084595408 1.62619895263295 0.0028791623050396903 16.722613934761437
208 1664 0 0 0 0.581405130664091 1.6256644768069775 0.002750070860352212 17.09380484073627
209 1672 0 0 0 0.5711471856123421 1.6166608614783833 0.0026766573161279227 17.49476476917536
210 1680 0 0 0 0.5907846327971006 1.6157823910324893 0.0026186162405296798 17.61399249847071
211 1688 0 0 0 0.5884803577496672 1.6214790266986316 0.002718208582117157 17.31202644441329
212 1696 0 0 0 0.5900400322147744 1.6258716071229407 0.0027324624417345567 17.150954507958136
213 1704 0 0 0 0.5831953941168919 1.6240366025400548 0.002736300090200027 17.2014453064559
214 1712 0 0 0 0.5729647804423933 1.625354136712646 0.0027317322366571216 17.210328689760576
215 1720 0 0 0 0.5626617582983922 1.6249871483775165 0.0026638448978997496 17.4972919620543
216 1728 0 0 0 0.5630968248028159 1.6286331215590395 0.002739554252023776 17.288988481356864
217 1736 0 0 0 0.5676683930985315 1.6280699826319898 0.002717546161418782 17.3966990700972
218 1744 0 0 0 0.5667515575090659 1.6251462014783038 0.0026729738157280345 17.48974488113995
219 1752 0 0 0 0.5655376490372855 1.6207856543109855 0.0025783208597796523 17.879228769442783
220 1760 0 0 0 0.5709314485915065 1.6197228435362208 0.0025330473152971006 17.95358398824309
221 1768 0 0 0 0.5703318357517059 1.6192753533491364 0.0024737419538840566 18.146990077590992
222 1776 0 0 0 0.5697236288559273 1.6194891702566214 0.002432012891200923 18.25659218279519
223 1784 0 0 0 0.5662942585922335 1.6165617195917092 0.002339783221158065 18.670335750651148
224 1792 0 0 0 0.5664583700441609 1.6164146272949016 0.0023029798553365435 18.915080365462416
225 1800 0 0 0 0.5674214434872298 1.6215928018232106 0.00223402870655412 19.105772798013575
226 1808 0 0 0 0.5663943871947366 1.620682121563095 0.0022017916142484345 19.244385787367964
227 1816 0 0 0 0.5666665710139418 1.6173039739242283 0.0021302335213455553 19.56954419352945
228 1824 0 0 0 0.5694786445495006 1.6174932049933195 0.002071928421757239 19.767988934799135
229 1832 0 0 0 0.5632603744746023 1.6187638348071465 0.002094477229674052 19.75524333512752
230 1840 0 0 0 0.5688727803313763 1.6214055941677206 0.0020979168546326043 19.721937957046208
231 1848 0 0 0 0.569040097886683 1.6190690280274367 0.002018259299467813 20.05015652688609
232 1856 0 0 0 0.5693402337293196 1.6200419225671143 0.002010299160484247 20.093941358110776
233 1864 0 0 0 0.570006694171772 1.6220837317906698 0.002016534867033151 20.058326307021588
234 1872 0 0 0 0.5658235090612347 1.6216715285369234 0.0019651347784001238 20.317899370085726
235 1880 0 0 0 0.5660350724530487 1.619875626721881 0.001972548849955226 20.326646907731615
236 1888 0 0 0 0.5648914574286695 1.6207215221322122 0.001896863811173516 20.66566425025467
237 1896 0 0 0 0.5671253472246592 1.6210938039172906 0.0019272917468327476 20.540925029018926
238 1904 0 0 0 0.564570920517633 1.619551078146402 0.0018882177756319905 20.75481421013284
239 1912 0 0 0 0.5622514775693864 1.620547708856975 0.0018554471004196696 20.938526572476967
240 1920 0 0 0 0.5635041427480438 1.620488707920081 0.0017648002605235725 21.36713361500968
241 1928 0 0 0 0.5612277095712732 1.619832310863679 0.001789605710160381 21.344166014085815
242 1936 0 0 0 0.5641324965897556 1.6208031723988139 0.001748367210244957 21.511621897902206
243 1944 0 0 0 0.5620857877576526 1.6200443653241599 0.0017343439119518124 21.639609927372593
244 1952 0 0 0 0.5658337245014611 1.6233843117862066 0.0017690524197312998 21.475619729705677
245 1960 0 0 0 0.5654133226548445 1.6218496820730264 0.0016970674926100396 21.865108020817633
246 1968 0 0 0 0.567986577916397 1.6233790719564432 0.0016885514855707758 22.00747926032738
247 1976 0 0 0 0.5680171985079295 1.6239374319663595 0.0016399804236918861 22.283760510279947
248 1984 0 0 0 0.5658548419219203 1.6243154253637884 0.0016497542498852109 22.192164651903056
249 1992 0 0 0 0.5718531744892488 1.6272269252072866 0.0015624252039686587 22.703311030167892
250 2000 0 0 0 0.5672065130846189 1.6242179093447837 0.0015792128206155917 22.712636429607286
251 2008 0 0 0 0.5715678489579231 1.6289889266781556 0.0015281656019885247 23.088122498194817
252 2016 0 0 0 0.5706251090170054 1.6310084459270802 0.001417093898777475 23.90812563899237
253 2024 0 0 0 0.5669437406303551 1.6280170571183883 0.001363268117444555 24.345362817878343
254 2032 0 0 0 0.5595582375253756 1.627834811516317 0.0012504871216411175 25.296412289389398
255 2040 0 0 0 0.5628171209417547 1.6292111653855899 0.0012692676335092498 25.28557866612141
256 2048 0 0 0 0.5619661671721785 1.63098730367359 0.001253723973229592 25.625786966386006
257 2056 0 0 0 0.5608523883705986 1.6317625924609405 0.0011544452633478416 26.44194292415915
258 2064 0 0 0 0.5617417415983986 1.6324870386091552 0.0011558335441091984 26.402128837621564
259 2072 0 0 0 0.5590864842680222 1.6332336910232745 0.0011565026300839666 26.46511321939548
260 2080 0 0 0 0.5553789931930124 1.6321431353921154 0.0011444667207127037 26.71144415385403
261 2088 0 0 0 0.5516379506617435 1.6300602159937991 0.0011357738250332612 26.878913400866285
262 2096 0 0 0 0.5576439286551416 1.631952321110554 0.0011303875579686425 26.970168393528823
263 2104 0 0 0 0.5546542775695599 1.6299176318278679 0.0011129040936135631 27.0957452161958
264 2112 0 0 0 0.5596572560523171 1.6314328219476806 0.001125945298569434 27.065881576318926
265 2120 0 0 0 0.5533348859929329 1.6301187838095657 0.0011082741372031276 27.15723658252832
266 2128 0 0 0 0.5559507958710819 1.6324243556161984 0.0010878633406541938 27.34260335950827
267 2136 0 0 0 0.5568555873530472 1.6317541192442373 0.0010973041578328996 27.347600513826222
268 2144 0 0 0 0.5579558034188196 1.6333914144961843 0.0010544764300950747 27.729125527804225
269 2152 0 0 0 0.559486761048729 1.6347368555962962 0.0010549225392879928 27.78714050690638
270 2160 0 0 0 0.5620247912782214 1.6337719061090492 0.0010563780943947526 27.828859443055716
271 2168 0 0 0 0.5634335691991516 1.6339368288152174 0.0010415827936671213 27.92059897153729
272 2176 0 0 0 0.5601218627580048 1.6295498767779597 0.0010726892203838645 27.587979374214957
273 2184 0 0 0 0.5598985529597515 1.6291772777157716 0.0010314424519709564 28.069244178504466
274 2192 0 0 0 0.5663299785957663 1.63086855804757 0.0010168728436316518 28.151201609669396
275 2200 0 0 0 0.5686011971849811 1.6304027215448647 0.001033249010182619 28.036895340588547
276 2208 0 0 0 0.5638048323189381 1.6329908103126756 0.0009701016525633833 28.906988388318037
277 2216 0 0 0 0.5638424967891164 1.628787434023305 0.0009599020429145093 29.16030925149248
278 2224 0 0 0 0.5621086080214839 1.6313527817833053 0.0009469447549052002 29.300191743867387
279 2232 0 0 0 0.5648059000756369 1.6260733835761938 0.0009564920157650787 29.324959604802466
280 2240 0 0 0 0.5644180699451997 1.6251141495367694 0.0008707766764641864 30.45974355326623
281 2248 0 0 0 0.5609581683964039 1.6235640301515348 0.0008480803860592153 31.02332451953717
282 2256 0 0 0 0.5573209701762833 1.6227566191693545 0.0009444562933177424 29.577053607295642
283 2264 0 0 0 0.560332220177783 1.6271655086526913 0.000874786817705015 30.5036221028574
284 2272 0 0 0 0.5643520847621264 1.6203535428249702 0.0009331605043946432 29.78528259624622
285 2280 0 0 0 0.5686479158828464 1.6271092745629985 0.0009065632059857434 29.973889317651494
286 2288 0 0 0 0.570401261218747 1.628451319072264 0.0008326992398966298 31.134711421055282
287 2296 0 0 0 0.5728966807277223 1.62221787630852 0.000865690280385586 30.834312764156916
288 2304 0 0 0 0.5753657403922672 1.628569296391952 0.0008006428475185268 31.732709798292316
289 2312 0 0 0 0.578914165990432 1.6302411238975976 0.0008337948005377874 31.154935380727288
290 2320 0 0 0 0.572204718619586 1.6240642236489493 0.0008202436581090432 31.45014299624186
291 2328 0 0 0 0.5716263866254703 1.624661819607505 0.0008197567868895076 31.40339015563432
292 2336 0 0 0 0.5755776037474652 1.6268353542487195 0.0008073237096589932 31.59948444351628
293 2344 0 0 0 0.5796735448207249 1.625666397622268 0.0007971076638275022 31.792333586130123
294 2352 0 0 0 0.576927682242842 1.6264844486001075 0.0007812782938182573 32.056928438998774
295 2360 0 0 0 0.5736087948791541 1.6247051560195636 0.0007622535029645972 32.442778462233704
296 2368 0 0 0 0.5688583897408697 1.6223539591159313 0.000775103103919114 32.36064848529556
297 2376 0 0 0 0.566479559207523 1.6204687019705468 0.0007644141684121376 32.624930862853525
298 2384 0 0 0 0.5701636924407224 1.6230143509181103 0.0007487588658295027 32.86274776618549
299 2392 0 0 0 0.5647629223005072 1.6227205332394066 0.0007374340130917595 33.2738052922691
300 2400 0 0 0 0.5675667946150186 1.6216689435892584 0.0007149554889171689 33.722231720015486
301 2408 0 0 0 0.5734859624779074 1.62145171536681 0.0007256113360828806 33.54377777275697
302 2416 0 0 0 0.5709484694230857 1.6211664228893323 0.0006944629100200636 34.30196904826274
303 2424 0 0 0 0.575648495787145 1.6196369460562359 0.0006997134130288091 34.10397724559353
304 2432 0 0 0 0.5727393924262829 1.6188667097041611 0.0006749801058620936 34.793269359692204
305 2440 0 0 0 0.5697112828099041 1.6162092415524305 0.0006547749966004887 35.346548590748206
306 2448 0 0 0 0.5699932915412255 1.617814366871865 0.000645762822006895 35.55155205978036
307 2456 0 0 0 0.575029850109211 1.6171568064857365 0.0006288253631054495 36.026653883838435
308 2464 0 0 0 0.5793064431842342 1.6167583014025255 0.0006185009042194414 36.238737252486395
309 2472 0 0 0 0.5713521261183749 1.6148745696471647 0.0006101399428877851 36.563831895209724
310 2480 0 0 0 0.5697284540052773 1.6163638387884602 0.0006108955736707206 36.5748373385558
311 2488 0 0 0 0.5684221654886307 1.616582724835732 0.0006010982502097186 36.8424905461586
312 2496 0 0 0 0.564282534278098 1.6180362500518843 0.0005925397727260563 37.0773632127021
313 2504 0 0 0 0.5712464411672058 1.6189653387601486 0.000598627025456313 36.77970889386331
314 2512 0 0 0 0.5743385301921943 1.6197629190910494 0.0005848575239224038 37.13676674024906
315 2520 0 0 0 0.5740192795747006 1.6209219883944401 0.0005730365474673746 37.47527931971901
316 2528 0 0 0 0.5742951685936967 1.6238551666326795 0.0005802101760382796 37.287893218358796
317 2536 0 0 0 0.5738169982618111 1.6252849173489252 0.0005831762390876668 37.2236285414999
318 2544 0 0 0 0.5723143581851795 1.6259983653180494 0.0005829894553405239 37.30420553610594
319 2552 0 0 0 0.5697250608721278 1.6254446860352434 0.0005805284039164931 37.39193145218287
320 2560 0 0 0 0.5761077787055192 1.6264556949942826 0.0005911977385117814 37.06005761786891
321 2568 0 0 0 0.5771983650253643 1.6259512819366684 0.0005889795608162235 37.07407320745757
322 2576 0 0 0 0.573826474927066 1.6255060009219908 0.0005639911826901256 37.83804322085526
323 2584 0 0 0 0.5751730774494778 1.625873511923857 0.0005546806465237169 38.08509542233362
324 2592 0 0 0 0.5752618457004026 1.6262098445599045 0.0005545152616105578 38.06739014967479
325 2600 0 0 0 0.571721305729612 1.6251325285097344 0.0005527041759291297 38.17728879547309
326 2608 0 0 0 0.5709091157996122 1.6270581798957846 0.0005598177999813037 38.02557482177388
327 2616 0 0 0 0.5727145059122248 1.6251149146118247 0.0005570507057639504 38.17068066844147
328 2624 0 0 0 0.5715523937162253 1.6279875620649884 0.0005331151786672207 38.88967430878211
329 2632 0 0 0 0.5738597790658158 1.6292207843558706 0.0005282470232780789 39.04283706665446
330 2640 0 0 0 0.5724946209460106 1.6264729874915702 0.0005458759082755378 38.62305718690458
331 2648 0 0 0 0.5740424776772621 1.6258059636912514 0.0005250757132050548 39.28741992523322
332 2656 0 0 0 0.5722114457132297 1.6245480315676744 0.000503466461816 40.05377450147846
333 2664 0 0 0 0.5741189795894376 1.622716358943786 0.0005037282426874459 39.99791494574887
334 2672 0 0 0 0.5751264227849775 1.6263056441079649 0.0004953560185261719 40.324264876753
335 2680 0 0 0 0.5758764607499257 1.6287761720304277 0.0004954060292059974 40.4083594916712
336 2688 0 0 0 0.5732461930411417 1.6276416659023658 0.0004830932067716572 40.79041869517633
337 2696 0 0 0 0.5728660344916239 1.6264246321260047 0.0004862488309321914 40.72857011107136
338 2704 0 0 0 0.5723154437881032 1.623984377483159 0.00047282367865825306 41.34163480568952
339 2712 0 0 0 0.5796720498870099 1.6255192797809281 0.0004638168858914493 41.68750472412203
340 2720 0 0 0 0.5827521469643011 1.6275400065562542 0.00047940590505375543 41.134164025498386
341 2728 0 0 0 0.5807766301731262 1.6284707803188714 0.0004765221902926632 41.23962528377284
342 2736 0 0 0 0.578404137150981 1.6275748782454287 0.00048072029072474085 41.14157675371533
343 2744 0 0 0 0.5811311089272648 1.6264389571810247 0.0004588389931405952 41.969941987620196
344 2752 0 0 0 0.5773251389908194 1.6262743004908031 0.0004576031601485694 42.11681183190635
345 2760 0 0 0 0.5729676378760297 1.6261817175198188 0.00044934386932284185 42.57510297806151
346 2768 0 0 0 0.5726427187016484 1.6253734082949323 0.0004393040567619759 43.06398791323026
347 2776 0 0 0 0.5736739727933875 1.6264762034512854 0.000435368299645155 43.19948124057048
348 2784 0 0 0 0.5754435131770381 1.6270953834959065 0.0004192169868424495 43.99823123470174
349 2792 0 0 0 0.577662545902392 1.6285887386765692 0.00041951767523581496 43.840077954893566
350 2800 0 0 0 0.5790344763303535 1.6291367399786416 0.0004137013924543449 44.27788337536877
351 2808 0 0 0 0.5777068593661744 1.6245599696590305 0.00040512808562770777 44.69085895469843
352 2816 0 0 0 0.5740237025668457 1.6276560248019991 0.000405996638299361 44.69367027114837
353 2824 0 0 0 0.570490145372144 1.6267011270153435 0.00038423807747876154 45.88357741623112
354 2832 0 0 0 0.571945259815128 1.624926817647685 0.0003859545266667413 45.841111235212935
355 2840 0 0 0 0.5695402273347504 1.6242571997428774 0.00037035338912086565 46.761050110653464
356 2848 0 0 0 0.5713658790615606 1.626574496402049 0.00037785786168080646 46.235715490485816
357 2856 0 0 0 0.5761071058579658 1.6282390974927825 0.0003837859448274098 45.866370922937634
358 2864 0 0 0 0.5719228944319463 1.626125534250744 0.00037516802058670877 46.48150975461982
359 2872 0 0 0 0.5743028987865264 1.6267797268325286 0.00037351924236369254 46.56466025466946
360 2880 0 0 0 0.5714432534833478 1.6237013020887658 0.0003697523436706086 46.81132325815338
361 2888 0 0 0 0.5698689575094531 1.624730682914448 0.0003628423038742096 47.259945978329505
362 2896 0 0 0 0.5704211765384363 1.6234064448407104 0.00035515638522177307 47.735875048854126
363 2904 0 0 0 0.5706732845768319 1.624025226691152 0.0003458790308991617 48.305941940883386
364 2912 0 0 0 0.5678803224415077 1.6246939849019857 0.00034656466582195714 48.53983107166211
365 2920 0 0 0 0.5646423898468119 1.623933012870791 0.0003377045578456059 49.045149521579205
366 2928 0 0 0 0.5671544097993141 1.6210189125477017 0.0003411178479913768 48.94136569135871
367 2936 0 0 0 0.5678561025171269 1.6220907180346669 0.0003344289162410738 49.42713790356401
368 2944 0 0 0 0.5685095699321815 1.6245939144238934 0.00035641503205346346 47.90234384573264
369 2952 0 0 0 0.5680954633600629 1.6221381539186333 0.0003536236635300935 48.061439964033326
370 2960 0 0 0 0.5707580354219047 1.6215358798849249 0.0003433542514164171 48.827913042242116
371 2968 0 0 0 0.568238148815409 1.6219165879921935 0.00033970160107832576 49.13811489791408
372 2976 0 0 0 0.5702727583977142 1.6228126011052109 0.00033345723969830765 49.48737563381823
373 2984 0 0 0 0.5708289607662249 1.6216130912623177 0.00032159538202307944 50.224970182804995
374 2992 0 0 0 0.5726439284804149 1.6212011484107245 0.00033608738911795823 49.3264887021981
375 3000 0 0 0 0.5712275065864537 1.620770364348089 0.00032266500442890654 50.154967021253604
376 3008 0 0 0 0.5726514991455177 1.6216432013505406 0.0003303437432561459 49.68805493368361
377 3016 0 0 0 0.5742500863342515 1.6215447436630954 0.0003235186532942119 50.08234599452426
378 3024 0 0 0 0.5754837064170258 1.621491610656789 0.00031633164617991057 50.59920228616159
379 3032 0 0 0 0.5756099979165235 1.6207496354991138 0.0003163834441656725 50.673323523341764
380 3040 0 0 0 0.5762394372906486 1.6209751193636348 0.0003141533198229386 50.863848788044635
381 3048 0 0 0 0.5781463635342025 1.6218680373823102 0.0003091473748753898 51.232429524401624
382 3056 0 0 0 0.5814885239327872 1.6228965331477032 0.00029754179607089867 52.093844114146854
383 3064 0 0 0 0.5821756992651643 1.62374052601311 0.00029527944516611026 52.300552343000014
384 3072 0 0 0 0.5804928802787385 1.624750018381132 0.0002862019438242939 53.14085777769737
385 3080 0 0 0 0.5800376662362563 1.6237577406767283 0.0002877293242372297 53.09794950487906
386 3088 0 0 0 0.5779903817171089 1.6240223727311671 0.0002806097060769332 53.74785117004427
387 3096 0 0 0 0.5771740446664534 1.6255786055522667 0.0002814117306615742 53.78885436471758
388 3104 0 0 0 0.5820930601922626 1.6257033390553877 0.0002732987757852346 54.465191790648426
389 3112 0 0 0 0.581331687655129 1.624529419408606 0.00026722705959538606 55.116018210658794
390 3120 0 0 0 0.5814773627314324 1.6248053328321377 0.0002663952324452914 55.235624008251044
391 3128 0 0 0 0.5787565236460799 1.624692747714364 0.0002670763175077316 55.03563772687451
392 3136 0 0 0 0.579274148356017 1.6241802919515984 0.0002661047922327987 55.132389499668434
393 3144 0 0 0 0.5773117368003854 1.6238689681880507 0.0002632723678880018 55.56853647172571
394 3152 0 0 0 0.5782522241912136 1.6228465463076407 0.00025700882863115575 56.1800524324808
395 3160 0 0 0 0.5784862933605933 1.623137416866935 0.00025692015149311645 56.11847683993657
396 3168 0 0 0 0.5767492378579449 1.623232564149345 0.0002589945352524486 56.02201260689841
397 3176 0 0 0 0.576787859631942 1.6237984553116513 0.00025974817612081934 56.00721956258798
398 3184 0 0 0 0.5775322258325751 1.6228647628796107 0.0002540837499296313 56.49384718373971
399 3192 0 0 0 0.577921630808873 1.6231729418804144 0.0002474292935846576 57.17209354810174
400 3200 0 0 0 0.5763388856552729 1.622592896453827 0.00024428060298017413 57.622718091859575
401 3208 0 0 0 0.5767106618534178 1.6234067348200611 0.00023446702277707792 58.69381436574954
402 3216 0 0 0 0.5771581683861453 1.6253585035518578 0.00024101192859081385 57.9777806709175
403 3224 0 0 0 0.5760170265607713 1.624927782785996 0.0002432458088024403 57.82979856398797
404 3232 0 0 0 0.5724152026493164 1.6238310336484214 0.00022744331852570472 59.719662694327255
405 3240 0 0 0 0.5725651625798603 1.6257310493717316 0.0002282300277491543 59.60588242982025
406 3248 0 0 0 0.5721428174654728 1.6260364151740103 0.0002225346972060321 60.20448896157158
407 3256 0 0 0 0.5692023619011412 1.6275514556557449 0.00022630066210533253 59.900265294135025
408 3264 0 0 0 0.5720792447876705 1.6258619487863777 0.00021841278103022042 60.81391752389747
409 3272 0 0 0 0.5705022196169959 1.6258448607465388 0.00022269115205374282 60.526639209493595
410 3280 0 0 0 0.570054139843006 1.626306408697146 0.00021949961412445163 61.0385222757354
411 3288 0 0 0 0.57277448812281 1.6255616620290532 0.0002139836475535933 61.63966056189824
412 3296 0 0 0 0.5737559713553056 1.6259378030596303 0.00020591266033940793 62.68033556333235
413 3304 0 0 0 0.5764163336230844 1.6257146514695928 0.00020163718470189617 63.35170304189186
414 3312 0 0 0 0.575755205469333 1.6259915171915547 0.00019542898271914959 64.23426485718221
415 3320 0 0 0 0.5788633264925352 1.6273858005991462 0.00019457629005175005 64.44208419916947
416 3328 0 0 0 0.5764150132740966 1.6262622784299436 0.00019252159605075245 64.70831343135833
417 3336 0 0 0 0.5752336700377749 1.6268604834961764 0.00019149272119930124 65.08574222739286
418 3344 0 0 0 0.5743094643374425 1.6269909417751698 0.0001851945364948219 66.2954480835938
419 3352 0 0 0 0.5775891403777421 1.6262520875547075 0.00017731788394222865 67.6188107615477
420 3360 0 0 0 0.577463343819309 1.6242369815961117 0.0001772556527688925 67.64986680291797
421 3368 0 0 0 0.5763626550085378 1.6247667047631051 0.00017812477677763103 67.51349096389845
422 3376 0 0 0 0.5814400968650963 1.6255047875547344 0.00017365824593667482 68.27450212517665
423 3384 0 0 0 0.5823808934679832 1.6263203715364274 0.0001687608331591074 69.1784911791492
424 3392 0 0 0 0.5815663769979644 1.6249765557865368 0.00017050484778129632 68.91606561279033
425 3400 0 0 0 0.5782962884063643 1.6255997596088625 0.00016479796133720933 69.89249292011193
426 3408 0 0 0 0.5785238655875153 1.625952468911278 0.00016422714215727204 70.08991084762432
427 3416 0 0 0 0.5782425754106765 1.6259543134632917 0.00016193210398036376 70.64531558961411
428 3424 0 0 0 0.5754578700425349 1.6255878615273336 0.00016315980890704653 70.4058653969258
429 3432 0 0 0 0.5769057515658281 1.6260480259571508 0.0001618259297914562 70.91459283100347
430 3440 0 0 0 0.576872044012864 1.628058165113639 0.00015717777105528222 71.82150643894386
431 3448 0 0 0 0.5787174258086675 1.6280462096731798 0.0001539764269931444 72.64479542371468
432 3456 0 0 0 0.5802757651135653 1.629196841772686 0.00014762917307392456 74.07157447380631
433 3464 0 0 0 0.5827807816762122 1.6305800925019782 0.00014091458970040958 75.7097774283675
434 3472 0 0 0 0.5814997702699435 1.6314520731286735 0.00013687385074083824 76.73301320102321
435 3480 0 0 0 0.5772172750838133 1.6296627133217578 0.00013956764250159742 76.23055212900678
436 3488 0 0 0 0.5781188229659524 1.626724941512846 0.0001379581621633751 76.82990311270622
437 3496 0 0 0 0.5833970539600193 1.624330052111718 0.00013583642822066272 77.21490727484823
438 3504 0 0 0 0.5825006585684034 1.625228362591047 0.00014010974577282492 75.97736196486973
439 3512 0 0 0 0.580820568091849 1.6243104027027027 0.0001424506837248772 75.43059995312827
440 3520 0 0 0 0.5828819569993174 1.6254331326322033 0.00013861043991236067 76.41111376526985
441 3528 0 0 0 0.5824063120096814 1.6262658422315444 0.00013173088483920127 78.22533302764826
442 3536 0 0 0 0.5810234357208305 1.6263928415721525 0.0001301556623717729 78.73643291290549
443 3544 0 0 0 0.580640243869649 1.6271351079086738 0.00013040658923990094 78.76485675445377
444 3552 0 0 0 0.5785308087411619 1.6262880510322708 0.00012948306573033871 79.13153047831497
445 3560 0 0 0 0.5771874029932507 1.6268769348471017 0.00012538447347073962 80.38898171006882
446 3568 0 0 0 0.57727473314319 1.6259519113308665 0.00013175935304125065 78.49316244519542
447 3576 0 0 0 0.5754010834751077 1.6261601565624668 0.0001296218291756498 79.10315015789439
448 3584 0 0 0 0.5739767840616892 1.627267653630211 0.00012333419924651133 80.99238775116659
449 3592 0 0 0 0.5749761307212237 1.6253488568704664 0.0001237763641275993 80.84288657878943
450 3600 0 0 0 0.5759588536609092 1.6265034372593747 0.00012291924697456716 81.04116623411844
451 3608 0 0 0 0.5757218355202889 1.6267551827318982 0.00012477980173668937 80.71900621261237
452 3616 0 0 0 0.5744701663879455 1.6264204220482354 0.00012244687006088354 81.34406403003716
453 3624 0 0 0 0.574356682628894 1.6255975453550584 0.00012156518611498125 81.67187667025605
454 3632 0 0 0 0.5749775992676965 1.6253220648129911 0.0001207323882093917 81.94615426855049
455 3640 0 0 0 0.5747441799756714 1.6262091219904575 0.00011960278978540531 82.39020725124392
456 3648 0 0 0 0.5746763932548595 1.6264171051394938 0.00011765194002549797 83.1106071735869
457 3656 0 0 0 0.5792579324713141 1.6260142942686027 0.00011778557288779394 82.95291635943218
458 3664 0 0 0 0.579919634790738 1.6260074791382795 0.00011591408368911306 83.74987286682095
459 3672 0 0 0 0.5740442774472394 1.626542065151713 0.000115479546702134 83.94367892317469
460 3680 0 0 0 0.5760588590601043 1.6273906481245222 0.00011164433661906206 85.23116934495341
461 3688 0 0 0 0.5756379592174212 1.6279291036680847 0.00010930431868564403 86.12919323797895
462 3696 0 0 0 0.5742382389356258 1.6270994870699038 0.00010692402042563439 87.06338382162244
463 3704 0 0 0 0.571955489826962 1.6266352541431923 0.00010641499644689519 87.38256670663777
464 3712 0 0 0 0.5741210407759989 1.6253730096482921 0.00010651451872208776 87.26024784489677
465 3720 0 0 0 0.5747440304281206 1.6242865178791652 0.00010399495227485573 88.34130958696404
466 3728 0 0 0 0.5744671195818808 1.626561588354344 0.00010252522684208898 88.78165508384035
467 3736 0 0 0 0.5722159476486545 1.625739764014785 0.00010446942014586212 88.14828716851787
468 3744 0 0 0 0.5744416894377548 1.6258596511580983 0.0001018896157818528 89.07538636920859
469 3752 0 0 0 0.5757276445253486 1.6257068557443624 0.00010153841644363907 89.31299042363993
470 3760 0 0 0 0.574310844630624 1.6257127573140286 9.784952188120885e-05 90.90287709820592
471 3768 0 0 0 0.5765575644749648 1.6250192461439044 9.934011721418392e-05 90.41636279874332
472 3776 0 0 0 0.5767939213262226 1.6239615555589604 9.73805564443204e-05 91.35797547479976
473 3784 0 0 0 0.576328598479909 1.6249743155769854 9.617757050237349e-05 91.88746809068016
474 3792 0 0 0 0.5748494330451935 1.6240941836847893 9.25230311510571e-05 93.75318648430152
475 3800 0 0 0 0.5749581774146836 1.6229679648366495 9.218431693780958e-05 93.91848650381883
476 3808 0 0 0 0.5796849370092837 1.622437506679429 8.908377720297667e-05 95.32169484302345
477 3816 0 0 0 0.5807165825570862 1.6224864659186202 8.932711488115379e-05 95.18790610035727
478 3824 0 0 0 0.5783376220056335 1.6229729638959516 8.626690970155844e-05 96.6806272718721
479 3832 0 0 0 0.5771308627031257 1.6242262705404744 8.879187970425554e-05 95.48107372238087
480 3840 0 0 0 0.5789254728638418 1.6240728654042382 8.649957677764495e-05 96.60206668077862
481 3848 0 0 0 0.5787643257588785 1.6247844818992299 8.87077804102117e-05 95.50155406142026
482 3856 0 0 0 0.5784207024423917 1.624440278087357 8.770846514391918e-05 96.07388665168254
483 3864 0 0 0 0.576254021763167 1.623653030733541 8.582340352426104e-05 97.14165185126609
484 3872 0 0 0 0.575027586274888 1.623579497063535 8.536332440495219e-05 97.49356452717758
485 3880 0 0 0 0.5761967532019349 1.6234214726185336 8.457694647028006e-05 97.95092223812144
486 3888 0 0 0 0.575006745306718 1.6231232824694477 8.339820692176467e-05 98.68572932205502
487 3896 0 0 0 0.5753648330792267 1.6234802065013476 8.324777667929146e-05 98.79266937971187
488 3904 0 0 0 0.5745630618471267 1.6231405501509502 8.2672076743591e-05 99.22069349805712
489 3912 0 0 0 0.5749775092056081 1.622939805881088 8.146818930635113e-05 99.80683038852591
490 3920 0 0 0 0.5757062360767593 1.6218118027489246 7.934012698716026e-05 101.05850337920593
491 3928 0 0 0 0.576036285552854 1.6218497837277093 7.967167057427452e-05 100.9123850160958
492 3936 0 0 0 0.5755327521889833 1.622350607963478 8.117916646330872e-05 100.16445582470459
493 3944 0 0 0 0.5767460410317355 1.6222077646170934 8.105719687975144e-05 100.21723323278182
494 3952 0 0 0 0.576412599009247 1.6223363276787337 8.05447557412109e-05 100.5119234768339
495 3960 0 0 0 0.5758797668541898 1.6216825613754982 7.936189852064033e-05 101.25603716890146
496 3968 0 0 0 0.5766418651158287 1.6224070388333296 7.976081627561907e-05 101.05430347544299
497 3976 0 0 0 0.5769153177369836 1.6218297895093892 7.794736675035532e-05 102.1017359310976
498 3984 0 0 0 0.5764529737597658 1.6213084020945274 7.704781993807082e-05 102.79190815274337
499 3992 0 0 0 0.575534600323961 1.620827256968586 7.537722014009545e-05 103.97873071640986
500 4000 0 0 0 0.5757648709162615 1.6211937305895916 7.546496674324872e-05 103.87110757602592
501 4008 0 0 0 0.5748013441424531 1.6209841399618594 7.340963406000689e-05 105.27993529097459
502 4016 0 0 0 0.5772080415209022 1.6220244645762414 7.222705276713448e-05 106.05625495677039
503 4024 0 0 0 0.577680300152031 1.6220450384821878 7.03662958013414e-05 107.4021724919201
504 4032 0 0 0 0.5768880344804674 1.6229112299738828 7.212803189706844e-05 106.27173782192695
505 4040 0 0 0 0.5755469055667998 1.6218694616930083 7.089149438826729e-05 107.0562289081764
506 4048 0 0 0 0.5739281324461617 1.621670733013535 7.040688531596891e-05 107.45126082191426
507 4056 0 0 0 0.575177358688264 1.622892469685231 6.854357174736283e-05 108.82584493936508
508 4064 0 0 0 0.576387555414873 1.6242073778903674 6.737793061152433e-05 109.65056309020338
509 4072 0 0 0 0.5779300623449588 1.6249735824993699 6.816703624773715e-05 109.00832358844181
510 4080 0 0 0 0.579180220994862 1.6262991928818653 6.86104291747428e-05 108.7615248447358
511 4088 0 0 0 0.5788642798651912 1.6241219331268082 6.804345009027386e-05 109.23104888669393
512 4096 0 0 0 0.5759436917307366 1.624493517847692 6.662718948764713e-05 110.31478072329956
513 4104 0 0 0 0.5749723166016427 1.6236848021258343 6.710445695750605e-05 110.05845625209265
514 4112 0 0 0 0.5753080750637717 1.6236120529492808 6.643710513767209e-05 110.52955093110117
515 4120 0 0 0 0.5750579102779871 1.6246532487002918 6.547388771686905e-05 111.31604015763034
516 4128 0 0 0 0.5744357692521178 1.6251588692503485 6.451715099142748e-05 112.11629482396091
517 4136 0 0 0 0.5757357509739021 1.6255418781827327 6.376940877367308e-05 112.83215239942571
518 4144 0 0 0 0.5729242760243053 1.627358653321521 6.129048637974328e-05 115.04413602658359
519 4152 0 0 0 0.575977448302296 1.6251098088070965 6.186887968618003e-05 114.476124228102
520 4160 0 0 0 0.5747507034112318 1.6265307308850265 6.110350725410987e-05 115.34784299721095
521 4168 0 0 0 0.5761705929446966 1.6239524194670172 6.0143501086580076e-05 116.17468101351649
522 4176 0 0 0 0.5763834514903108 1.6257946144329603 5.900415954318574e-05 117.46783309531682
523 4184 0 0 0 0.5798355842093328 1.6228909993945067 5.750739731139303e-05 118.77430997579872
524 4192 0 0 0 0.5767889232194271 1.6207244511063532 5.754384692587328e-05 119.06208223776028
525 4200 0 0 0 0.5792861860506172 1.619332970997611 5.575241368741156e-05 120.36887238714779
526 4208 0 0 0 0.5783743026693273 1.619926987332225 5.7418865496026435e-05 119.01665843376774
527 4216 0 0 0 0.5766344346919497 1.624629975380332 5.676642095411516e-05 119.65822475520197
528 4224 0 0 0 0.5790139250265826 1.6244808809401026 5.6409155263988266e-05 119.91974190223645
529 4232 0 0 0 0.5807264848945134 1.6238816480504783 5.519217573210839e-05 121.08582970285754
530 4240 0 0 0 0.5826480268556059 1.6228130309655104 5.4445311734623946e-05 121.85227291496548
531 4248 0 0 0 0.5801739698973548 1.6234876340739939 5.50675891485105e-05 121.36344966227965
532 4256 0 0 0 0.5806175504058303 1.625399317603902 5.4512929212411154e-05 122.02956614992412
533 4264 0 0 0 0.5800449065842844 1.6235424754073806 5.3954490885271564e-05 122.53067545364891
534 4272 0 0 0 0.5791903223874549 1.6230993588496199 5.46155601479121e-05 121.8686638064299
535 4280 0 0 0 0.577945620642345 1.6241521086094675 5.451599061834775e-05 122.00814507759848
536 4288 0 0 0 0.5776060226205074 1.6244854614553481 5.3956936335092506e-05 122.60960837770995
537 4296 0 0 0 0.5789347418486931 1.624139042689032 5.335959334429039e-05 123.28471873491786
538 4304 0 0 0 0.5777435751018741 1.6252258140938616 5.28467538260764e-05 123.91239048789188
539 4312 0 0 0 0.5785267981503361 1.6261036095284953 5.206812812644623e-05 124.73737531875918
540 4320 0 0 0 0.5794062416850887 1.6252052440276554 5.1911888480716955e-05 124.89385990016827
541 4328 0 0 0 0.5768439903209185 1.6244129347830742 5.16699120254591e-05 125.27961984321244
542 4336 0 0 0 0.5760357524951206 1.624301398409555 5.1245683042853304e-05 125.84095803281255
543 4344 0 0 0 0.5758055304806413 1.6234658666694024 5.096344701233026e-05 126.18251850007474
544 4352 0 0 0 0.5734602841346953 1.6220924971021717 5.122788626094015e-05 125.97689715099455
545 4360 0 0 0 0.5761434604297959 1.6223662326794734 5.1362149307946866e-05 125.8098097683087
546 4368 0 0 0 0.5758018117165542 1.6227099763651105 4.99757801240366e-05 127.29841013905637
547 4376 0 0 0 0.5760833732532239 1.6226512903559918 4.9553963830497996e-05 127.86304249312855
548 4384 0 0 0 0.5768970509875817 1.6231655735733845 4.949143949605978e-05 127.89194566323894
549 4392 0 0 0 0.5769758408132943 1.6235942591609567 4.9328786170322635e-05 128.0666737275344
550 4400 0 0 0 0.5766037800313403 1.6236474856942684 4.902420163830839e-05 128.49338666460855
551 4408 0 0 0 0.5768737880692428 1.6237779390066152 4.9518987997376934e-05 127.98636663242519
552 4416 0 0 0 0.5774448268018385 1.6239639216522475 4.868451384266305e-05 129.0555081069114
553 4424 0 0 0 0.5771016138859109 1.6232598116810486 4.91663176815157e-05 128.60599926720565
554 4432 0 0 0 0.5770553824680411 1.623794309824285 4.730051867321053e-05 130.87339782997012
555 4440 0 0 0 0.5769971179555161 1.6240519274331564 4.750293845929273e-05 130.7629960147344
556 4448 0 0 0 0.5790103425577559 1.6235939830273085 4.6554601808001885e-05 131.87401081341503
557 4456 0 0 0 0.5789147589394739 1.623526802511768 4.543646154202655e-05 133.48229129039774
558 4464 0 0 0 0.5788146148316035 1.622719123798456 4.430974657212024e-05 135.1903927483868
559 4472 0 0 0 0.5775181237724503 1.62211702852491 4.427300541367857e-05 135.31460430256473
560 4480 0 0 0 0.5787714855270817 1.623036968813319 4.5825247470248045e-05 133.2149704511088
561 4488 0 0 0 0.5779593751196198 1.6226893658964068 4.5757866501665615e-05 133.5297147456537
562 4496 0 0 0 0.5795157990428743 1.623249014125681 4.500150865177111e-05 134.46570140911243
563 4504 0 0 0 0.5785479778853326 1.6236003467661981 4.426449672485256e-05 135.31578384149051
564 4512 0 0 0 0.5798117202037292 1.6234042565287263 4.417562604194141e-05 135.51608409694913
565 4520 0 0 0 0.5772647073630169 1.622972395022539 4.4662041398177184e-05 135.12910009824185
566 4528 0 0 0 0.5775550789458027 1.6229499178176174 4.330677734943989e-05 136.92385337477455
567 4536 0 0 0 0.5773996283437137 1.6230129676438423 4.25036778327391e-05 138.2826065719501
568 4544 0 0 0 0.576221411125863 1.6240365502239658 4.231484972000775e-05 138.50770291210145
569 4552 0 0 0 0.5756509071088708 1.623934281621408 4.1278188587547116e-05 140.29599853076834
570 4560 0 0 0 0.577894270547734 1.623968889638174 4.062177717696674e-05 141.31560336475144
571 4568 0 0 0 0.5780330303649499 1.6249738351301135 4.077917191559082e-05 141.25998064817827
572 4576 0 0 0 0.5771220734689633 1.6233737622666813 4.094570228482512e-05 140.93998305198616
573 4584 0 0 0 0.5758789591416659 1.6214980466818352 3.993025730890693e-05 142.87856617861104
574 4592 0 0 0 0.5767029842891781 1.6224049893102577 3.9008767968096474e-05 144.410118731555
575 4600 0 0 0 0.5761378255967793 1.6225992275341639 3.8694364024772e-05 144.99013962047945
576 4608 0 0 0 0.5752957175837857 1.6224033240984563 3.868340145897774e-05 145.19148708519398
577 4616 0 0 0 0.5763929545019751 1.622827794446259 3.798099065508456e-05 146.141710182548
578 4624 0 0 0 0.5757301712129601 1.6225676296536526 3.77017405910518e-05 146.8254799108481
579 4632 0 0 0 0.5757186317571978 1.622302661912332 3.699441610186158e-05 148.23103403630984
580 4640 0 0 0 0.5748612619270999 1.622832805919954 3.689261197995811e-05 148.40490659000554
581 4648 0 0 0 0.5757353838429777 1.623517578160873 3.676573958411123e-05 148.66970412919994
582 4656 0 0 0 0.5753628205737517 1.6235910637698814 3.632266421383437e-05 149.58774844617767
583 4664 0 0 0 0.5749841925452824 1.6243739732939866 3.640019053853689e-05 149.35335210600834
584 4672 0 0 0 0.5747570325775943 1.6243109009684888 3.5360223360658555e-05 151.41643707746047
585 4680 0 0 0 0.5771495001390436 1.62473454108951 3.541738842311809e-05 151.14525083444698
586 4688 0 0 0 0.5770405100390891 1.625042323818266 3.5505196358132736e-05 151.06573838558603
587 4696 0 0 0 0.57866840972538 1.6243268351059683 3.524188615168633e-05 151.50750965827024
588 4704 0 0 0 0.5765498228427464 1.6229452781396037 3.494281415078709e-05 152.25941239142685
589 4712 0 0 0 0.5762541180398072 1.622650282827277 3.5296257965455064e-05 151.62052747580415
590 4720 0 0 0 0.5773020975724161 1.6232930140902173 3.487309430389482e-05 152.41579512097832
591 4728 0 0 0 0.5766591637248663 1.6232558231947583 3.491193641760345e-05 152.51462367092557
592 4736 0 0 0 0.577283819739326 1.6235393054569776 3.5306143583156626e-05 151.6967383332255
593 4744 0 0 0 0.5776530865921237 1.6242154870861407 3.52163770465467e-05 151.82772164656254
594 4752 0 0 0 0.5772648918141317 1.6245405396540515 3.460533904666001e-05 153.11230225319426
595 4760 0 0 0 0.5763333854932063 1.6238771375691352 3.420212358773918e-05 154.02583575068314
596 4768 0 0 0 0.5756741308992916 1.6232855710648795 3.392269600920923e-05 154.63243746929714
597 4776 0 0 0 0.5763727176883268 1.6234165411430568 3.3878263457399204e-05 154.63679762137988
598 4784 0 0 0 0.5750165171275357 1.6237850829300242 3.3436501858512595e-05 155.59948600649884
599 4792 0 0 0 0.5750269338890253 1.6242244122899125 3.3571749979632e-05 155.35782545469272
600 4800 0 0 0 0.5747858169945472 1.6239722169327244 3.3829267395620095e-05 154.8516857388824
601 4808 0 0 0 0.5752887382626132 1.6240753936449108 3.398661089097731e-05 154.53177044706706
602 4816 0 0 0 0.5747217719024069 1.6242316133260162 3.359778877230959e-05 155.4595312260854
603 4824 0 0 0 0.5754280129418243 1.6244959913781478 3.364863517636857e-05 155.34676732600124
604 4832 0 0 0 0.5750624871245907 1.6242564428925648 3.368887224756186e-05 155.23878846235584
605 4840 0 0 0 0.5754303783310902 1.6246321855067776 3.3616829426329015e-05 155.411963743672
606 4848 0 0 0 0.5740825224802133 1.6239541711410965 3.3532562923250606e-05 155.74723498030502
607 4856 0 0 0 0.5748153244017086 1.624207710485002 3.3325516749029374e-05 156.1717754129834
608 4864 0 0 0 0.5758237775484059 1.6241448734896362 3.34179134573651e-05 156.00079771498662
609 4872 0 0 0 0.5766532533702952 1.623740738608224 3.302405867894957e-05 156.78761970260234
610 4880 0 0 0 0.5779531745712134 1.6236459868906141 3.250477909263608e-05 157.9648797488617
611 4888 0 0 0 0.5767513648511706 1.6222376944799386 3.218929010126325e-05 158.9569233405315
612 4896 0 0 0 0.5777772235450772 1.6228737429084605 3.164237698442763e-05 160.01696381131066
613 4904 0 0 0 0.5767098207651008 1.6232806976174674 3.1846381267790187e-05 159.70176173470244
614 4912 0 0 0 0.5765197768821403 1.623340119673455 3.130011909118178e-05 161.22298375945422
615 4920 0 0 0 0.5773214757851233 1.6246716334834495 3.108825385462756e-05 161.49144167109245
616 4928 0 0 0 0.5756669543731124 1.623416283962657 3.0874054198252375e-05 162.1790010291576
617 4936 0 0 0 0.5748256026129727 1.6224190199902342 3.067567581397745e-05 162.85620283897543
618 4944 0 0 0 0.5749164474800432 1.6228991752026913 3.0242849581128755e-05 163.98529203633512
619 4952 0 0 0 0.5767847867698284 1.6229620213154534 2.998987667111155e-05 164.4679397276437
620 4960 0 0 0 0.5769063601642216 1.6229265927462502 2.9886022769534395e-05 164.90735175587275
621 4968 0 0 0 0.5768445734872795 1.6231098005980995 2.9399623167139613e-05 166.2767948948215
622 4976 0 0 0 0.5760644408652306 1.6233384327670328 2.9266936128412964e-05 166.81077903416053
623 4984 0 0 0 0.5755536221433463 1.6229385556445621 2.858750131384671e-05 168.61931206440022
624 4992 0 0 0 0.5781184104369954 1.6232183301060554 2.8387649791998692e-05 169.12244129343253
625 5000 0 0 0 0.5795107605609527 1.622885173300438 2.756567691217005e-05 171.44213607131775
626 5008 0 0 0 0.5759919154127932 1.6224507845788751 2.6665547126387967e-05 174.4668556471931
627 5016 0 0 0 0.5761368853648002 1.6232214120779267 2.630249039388761e-05 175.83877296833077
628 5024 0 0 0 0.5780006551802138 1.6243124817017507 2.504546898084131e-05 179.5937839160029
629 5032 0 0 0 0.5811069850148036 1.6236515049970426 2.4461575008433183e-05 181.42606855106615
630 5040 0 0 0 0.5776461548776737 1.6227164512762355 2.517822958374458e-05 179.30834257588376
631 5048 0 0 0 0.5751995890042472 1.6221685497402891 2.4608852565442708e-05 181.32677447655692
632 5056 0 0 0 0.5748003991858629 1.621953572713908 2.562707959726487e-05 178.41624055514785
633 5064 0 0 0 0.5759854459447006 1.6224947995546815 2.5589888546766907e-05 178.34086392744214
634 5072 0 0 0 0.576643944896485 1.621684346695706 2.5043259466183213e-05 180.36787424077298
635 5080 0 0 0 0.5768945858138963 1.6226487811854486 2.437200136827853e-05 182.4567256127107
636 5088 0 0 0 0.5770474947705161 1.6221689649644873 2.44265965748458e-05 182.27185889776896
637 5096 0 0 0 0.5771685340626014 1.6231519462063275 2.4484543139891337e-05 182.0966667630668
638 5104 0 0 0 0.5756404388926215 1.6239726129973246 2.4277692290083158e-05 182.81842432259697
639 5112 0 0 0 0.5753510630162274 1.624068495740619 2.3782076811461577e-05 184.879274956454
640 5120 0 0 0 0.5741652571792537 1.6241953237905682 2.3536498465578116e-05 185.87038375449586
641 5128 0 0 0 0.5766951391236322 1.6230453422785058 2.333025211956543e-05 186.65898691108308
642 5136 0 0 0 0.5773179164553618 1.6223187452942673 2.294481679518803e-05 188.4533369852726
643 5144 0 0 0 0.578471870154186 1.6219279593606737 2.259230968729762e-05 190.13593962319015
644 5152 0 0 0 0.5767304951654891 1.6224626520162633 2.1890702868449127e-05 193.36201840960445
645 5160 0 0 0 0.5800457263846114 1.62160463317372 2.093026319517506e-05 196.8001287489837
646 5168 0 0 0 0.5804693581109379 1.6229864003633656 2.232972653383666e-05 191.15557057283525
647 5176 0 0 0 0.579372348657511 1.6230308742873032 2.1310463966532868e-05 195.13475644504024
648 5184 0 0 0 0.5786201114325845 1.624999711553025 2.1490706137177556e-05 194.51682293546668
649 5192 0 0 0 0.5755614161739201 1.6231735124132913 2.11005538651828e-05 196.10076009459652
650 5200 0 0 0 0.5753503287357743 1.6234245572903627 2.0603903560625825e-05 198.58804902965525
651 5208 0 0 0 0.5757778580861277 1.6238718773548415 2.0480234101189985e-05 198.95832324384853
652 5216 0 0 0 0.5768874930221254 1.6248393700647368 2.061912037526799e-05 198.32507575406214
653 5224 0 0 0 0.5777352073001693 1.62473973478483 2.0181343939461396e-05 200.42068875381887
654 5232 0 0 0 0.5752325688433806 1.625021659170432 2.0619443081653104e-05 198.63357126054655
655 5240 0 0 0 0.5750848838934056 1.6256765047604331 2.036643114744296e-05 199.69888970246726
656 5248 0 0 0 0.5780037636113402 1.624308959200928 2.019617338984776e-05 200.44141113856955
657 5256 0 0 0 0.5796169410050058 1.6234068945449336 1.9678945766210976e-05 202.90911116634436
658 5264 0 0 0 0.5777973914281435 1.6230021618613608 1.935603224528404e-05 204.75707216846598
659 5272 0 0 0 0.5775868209973788 1.6221554157231397 1.8882566861737102e-05 207.25515106742708
660 5280 0 0 0 0.5751342488936202 1.621999061508664 1.8669160885341772e-05 208.7913156430024
661 5288 0 0 0 0.5784687716862495 1.6215902820981014 1.8298335691739387e-05 210.67268993526767
662 5296 0 0 0 0.5793737984410114 1.6215617700353155 1.809816891765395e-05 211.63113695371945
663 5304 0 0 0 0.5771501214050911 1.6222714195890473 1.7813629455145678e-05 213.43052465462338
664 5312 0 0 0 0.5754730800503726 1.621200263869508 1.7489810870210463e-05 215.38820013007222
665 5320 0 0 0 0.5768977918992101 1.6211442863774925 1.7379693802681194e-05 216.3636249923401
666 5328 0 0 0 0.5740963447114645 1.6212915411320528 1.7650316650986484e-05 215.1099041379718
667 5336 0 0 0 0.5749596893863819 1.6219164000384183 1.75333734422101e-05 215.7538339834443
668 5344 0 0 0 0.5775459075919436 1.6221287285922195 1.7488481882077382e-05 215.63335081243355
669 5352 0 0 0 0.578992402686399 1.6224941644192614 1.7386058682743726e-05 216.15737487835528
670 5360 0 0 0 0.5776970303722632 1.6225821105382885 1.6895045365483136e-05 219.34491448828692
671 5368 0 0 0 0.5768902736567288 1.623823278692111 1.6851575166157454e-05 219.6131440715584
672 5376 0 0 0 0.5789676316850992 1.624172104563884 1.6899575790076058e-05 219.18933638992576
673 5384 0 0 0 0.5763505287612171 1.6229905598063525 1.6580262041731823e-05 221.37087197475415
674 5392 0 0 0 0.5774880890590881 1.6234003710070595 1.6773446947853202e-05 220.2584426197743
675 5400 0 0 0 0.5769694101655981 1.6220032731212013 1.6426370503942195e-05 222.40638726502257
676 5408 0 0 0 0.5765834735001436 1.621346482890177 1.6172441917706652e-05 224.04864265530964
677 5416 0 0 0 0.5778495463213618 1.622804085325603 1.6332248662761753e-05 223.01139729234347
678 5424 0 0 0 0.5790255641176576 1.6233179873057253 1.637711383259483e-05 222.76872951156162
679 5432 0 0 0 0.5772133234678473 1.623201724381353 1.6263365505293627e-05 223.521997693423
680 5440 0 0 0 0.5774379810463856 1.6231118697587834 1.5954444215217663e-05 225.5166801492786
681 5448 0 0 0 0.5767470880368882 1.6227883832928698 1.593027713195053e-05 225.76220817600844
682 5456 0 0 0 0.5757678171325198 1.623198515889654 1.5839265955592105e-05 226.50824660459432
683 5464 0 0 0 0.575536832935237 1.6237880503286877 1.5600872887028896e-05 228.14502502637285
684 5472 0 0 0 0.5771285285009504 1.6231251299004028 1.557587811044338e-05 228.23078286196298
685 5480 0 0 0 0.5791847893683837 1.6239894348099966 1.56434042398504e-05 227.76196732321537
686 5488 0 0 0 0.5781384094344695 1.6237866477083802 1.566396643250324e-05 227.7339279422484
687 5496 0 0 0 0.5784905180692678 1.6244122881397363 1.5474015778014835e-05 228.98985512711326
688 5504 0 0 0 0.5773208507216637 1.6237135773460962 1.545150664035215e-05 229.0851164467998
689 5512 0 0 0 0.5788319806887724 1.6234980738067486 1.563283602436973e-05 227.94610207449185
690 5520 0 0 0 0.5789799921868778 1.6238581059561903 1.539847584365337e-05 229.4670390007411
691 5528 0 0 0 0.578920786435627 1.6233263643674218 1.5336005178641624e-05 229.90148908764468
692 5536 0 0 0 0.5783041958573385 1.6235098688526173 1.5253411166572328e-05 230.47221869719667
693 5544 0 0 0 0.5780344015332406 1.623129685337363 1.522216663301508e-05 230.77304324145248
694 5552 0 0 0 0.5781971087123844 1.623118985347054 1.5251394817662047e-05 230.6275317609203
695 5560 0 0 0 0.5782396934539085 1.623010624346524 1.5248821629062506e-05 230.60584788405183
696 5568 0 0 0 0.5792201924236159 1.6230000861866853 1.5173102853773906e-05 231.15664871066173
697 5576 0 0 0 0.5793793980148438 1.6230505064599816 1.5106886082639656e-05 231.5995781394314
698 5584 0 0 0 0.5797031923832542 1.6229432808677595 1.5084748267177237e-05 231.80729365036368
699 5592 0 0 0 0.5791670181118848 1.622771494112789 1.5142644891328574e-05 231.3646190972979
700 5600 0 0 0 0.5789477612737598 1.6227846085574789 1.5138499141675406e-05 231.45915365633272
701 5608 0 0 0 0.5788349007420074 1.622634983253393 1.5149839602467539e-05 231.41529032169117
702 5616 0 0 0 0.5784937020185448 1.6225032297335116 1.5165194009759771e-05 231.37077152887895
703 5624 0 0 0 0.5784277514035365 1.622535165824656 1.5079006126070816e-05 231.9790838060246
704 5632 0 0 0 0.5785823404020205 1.6225635034404404 1.508161928310985e-05 232.00006053588285
705 5640 0 0 0 0.5777532107384641 1.622726606092333 1.5072671738326602e-05 232.1322012074301
706 5648 0 0 0 0.5784309571393951 1.6229749512295868 1.5100479989520814e-05 231.94764410776622
707 5656 0 0 0 0.5780119752521758 1.6232353253907355 1.5000099545659334e-05 232.7323621190079
708 5664 0 0 0 0.5786556927458388 1.6229814493780517 1.5058563479320306e-05 232.38466520223074
709 5672 0 0 0 0.5794402412743415 1.6224957488234186 1.5137279805583213e-05 231.72394013824535
710 5680 0 0 0 0.5796775819954443 1.6226924843629276 1.5087184697243287e-05 232.06653524002647
711 5688 0 0 0 0.5797810037729287 1.6228438853572231 1.491477895382444e-05 233.36537048667748
712 5696 0 0 0 0.5787018237321077 1.6230400102216729 1.4948060404206112e-05 233.23462076856381
713 5704 0 0 0 0.5785815094266963 1.6234516977200284 1.4776713699361861e-05 234.4308126325535
714 5712 0 0 0 0.5781764602646435 1.6239446744824937 1.4595251428163982e-05 235.9100267249377
715 5720 0 0 0 0.5785607362819314 1.6239496719064372 1.4552087734305595e-05 236.35010510455658
716 5728 0 0 0 0.5784627865574922 1.624505008768055 1.4229328930468306e-05 238.79821380156298
717 5736 0 0 0 0.5782973057549212 1.6241804928258035 1.395532083006732e-05 241.3410778811366
718 5744 0 0 0 0.5797282907999651 1.6242985761914568 1.381178463201936e-05 242.68351125142982
719 5752 0 0 0 0.5813040412947805 1.6241411921483815 1.4065599487342299e-05 240.3151684590738
720 5760 0 0 0 0.5792466346188003 1.6250016354217482 1.3948190331618189e-05 241.75787508968094
721 5768 0 0 0 0.5796904759164214 1.6239026338944922 1.3889862465480116e-05 241.8972659934978
722 5776 0 0 0 0.5779900747362754 1.6226446898782079 1.3750616995148864e-05 243.4004822987824
723 5784 0 0 0 0.5763003766376529 1.622069532759815 1.354522008818705e-05 245.27106011318176
724 5792 0 0 0 0.5780704097704181 1.622751821630844 1.350800603423383e-05 245.48080683024557
725 5800 0 0 0 0.5774769169000556 1.6227532798231252 1.3237331589917249e-05 247.84411417481144
726 5808 0 0 0 0.576757567271628 1.6230970911594345 1.3064503627481221e-05 249.5052154426002
727 5816 0 0 0 0.575418610956608 1.6228781109785981 1.2668047796221277e-05 253.10691672657993
728 5824 0 0 0 0.5770313899818579 1.6237227947139343 1.284410211275533e-05 251.39027719033515
729 5832 0 0 0 0.5781031342888756 1.623758228630087 1.2950334776393242e-05 250.3582617769093
730 5840 0 0 0 0.578603095201498 1.6240558413129085 1.3182656074418176e-05 248.24186734620028
731 5848 0 0 0 0.5779423663394109 1.623357985338611 1.298724482466173e-05 249.9977603185697
732 5856 0 0 0 0.5771233073099887 1.6228195123402023 1.2817007175296255e-05 251.5777520882119
733 5864 0 0 0 0.5773227110221361 1.6232522843164092 1.2831073542324352e-05 251.52575439110979
734 5872 0 0 0 0.5772039581142252 1.6234242463029438 1.2691575699205739e-05 252.8048091759811
735 5880 0 0 0 0.5775533000580166 1.623303002239136 1.2661998534706639e-05 253.1064293271971
736 5888 0 0 0 0.5771661268837315 1.6236335940901399 1.2625236181703103e-05 253.60670354211257
737 5896 0 0 0 0.5773392418284989 1.6235867503972188 1.2713906799873673e-05 252.78838197944162
738 5904 0 0 0 0.5776740744085744 1.6237363740047113 1.2697498349934211e-05 252.93403567414452
739 5912 0 0 0 0.5774621840313484 1.6235195656112607 1.2662795882411059e-05 253.2978551172448
740 5920 0 0 0 0.5769368557510245 1.6236116820377677 1.2600200942107839e-05 253.97586887527223
741 5928 0 0 0 0.5771327464697859 1.6237845741095698 1.2541135392782053e-05 254.53279961194022
742 5936 0 0 0 0.5771811383970081 1.623729552419052 1.2495439695044209e-05 254.95485432310198
743 5944 0 0 0 0.5773240481442226 1.6237916897300662 1.251829928486313e-05 254.60299019633348
744 5952 0 0 0 0.5770518614640151 1.6237769609646246 1.2413855056621019e-05 255.56782839566262
745 5960 0 0 0 0.5768115546282542 1.623948793447643 1.2430364785321618e-05 255.44056613508252
746 5968 0 0 0 0.577359952885033 1.6239864567266509 1.2500442838608572e-05 254.74851973783822
747 5976 0 0 0 0.5769570071515382 1.6239285648455042 1.247264837064619e-05 255.04555240439058
748 5984 0 0 0 0.576920295925744 1.6241231053770897 1.2423775306791963e-05 255.56735941959764
749 5992 0 0 0 0.5770840650661051 1.6242327870416748 1.2358626693722095e-05 256.1074873764879
750 6000 0 0 0 0.5770424125988461 1.6242581351479766 1.2407741733640372e-05 255.73156726140016
751 6008 0 0 0 0.5768179531177486 1.6243982501160945 1.2374550150387362e-05 256.0824687414267
752 6016 0 0 0 0.5768119941920822 1.6244997043288008 1.2417718159413148e-05 255.736355497196
753 6024 0 0 0 0.5769684762903372 1.6243623638024847 1.2452924953094204e-05 255.39253387375174
754 6032 0 0 0 0.5770590596995411 1.6246686280937406 1.24196114582757e-05 255.72066984554348
755 6040 0 0 0 0.5769005219474659 1.6243409076800404 1.2426283357175752e-05 255.6222025717644
756 6048 0 0 0 0.5771096490420012 1.6243818638214622 1.2450195018445055e-05 255.3760834612944
757 6056 0 0 0 0.5771709573313987 1.6244882686042406 1.2461025441788804e-05 255.2780869441586
758 6064 0 0 0 0.5771243621650981 1.624479476246091 1.2416326870740459e-05 255.7232959841322
759 6072 0 0 0 0.5771437171248909 1.6243168572862665 1.2427690513414017e-05 255.57309853473015
760 6080 0 0 0 0.5771788330935631 1.6241219910782123 1.244481604885044e-05 255.36752184843246
761 6088 0 0 0 0.5771839905934365 1.6240485111365548 1.2433611789159129e-05 255.51127625534707
762 6096 0 0 0 0.577175533888424 1.6238893165968107 1.2416759537916382e-05 255.65362896796765
763 6104 0 0 0 0.5771886015202123 1.623954139563097 1.2419924266140161e-05 255.67058568158416
764 6112 0 0 0 0.5772172755007478 1.623715095602062 1.2392553911873789e-05 255.88707409611786
765 6120 0 0 0 0.5772231039204181 1.6240237317237158 1.2418561222868134e-05 255.73707266119902
766 6128 0 0 0 0.5774440402920228 1.624429367534193 1.2495634022210731e-05 254.99931019791808
767 6136 0 0 0 0.5772766932693053 1.6242804355242844 1.243845122552087e-05 255.5580319154669
768 6144 0 0 0 0.5771585990746798 1.6244168813606865 1.2462789294467376e-05 255.3533354940083
769 6152 0 0 0 0.5770277842789218 1.6242711183870813 1.2428432351468934e-05 255.64614346358243
770 6160 0 0 0 0.5770634160288863 1.6241287422087072 1.2471150987115464e-05 255.20173967251537
771 6168 0 0 0 0.5772113063795269 1.6243098677190064 1.2496387913241066e-05 255.01796274843707
772 6176 0 0 0 0.5772139569711973 1.6240558118089587 1.248678300599739e-05 255.03717608079555
773 6184 0 0 0 0.5774196467261526 1.6242104727185682 1.2501599048782916e-05 254.89951765472918
774 6192 0 0 0 0.5774186158215393 1.62418696295933 1.2467225012073697e-05 255.22251163389802
775 6200 0 0 0 0.5774469571983607 1.624031829085976 1.2444357906526556e-05 255.44463318821332
776 6208 0 0 0 0.5774136632040914 1.623727013665998 1.2440687717956343e-05 255.45155380562582
777 6216 0 0 0 0.577366314517675 1.6236514959025334 1.2461013817847135e-05 255.2458833331233
778 6224 0 0 0 0.5773895121539381 1.6237973852856293 1.246599054087461e-05 255.20982515156877
779 6232 0 0 0 0.577367050100475 1.6234993308196304 1.2475978094828546e-05 255.09450164848073
780 6240 0 0 0 0.5773990549102361 1.6236912181880832 1.24976800695362e-05 254.91321108878748
781 6248 0 0 0 0.5772722676126555 1.6235240524169334 1.2485094581706092e-05 255.03855375600187
782 6256 0 0 0 0.577353046211601 1.6237203301527385 1.2450903958375521e-05 255.3638646450555
783 6264 0 0 0 0.5773879355958107 1.6241421336304254 1.2421868026835115e-05 255.65281114664688
784 6272 0 0 0 0.5774068265372928 1.6241171324557917 1.2419156906024693e-05 255.67961477903407
785 6280 0 0 0 0.5773728935768795 1.6243061291362617 1.2411987531432744e-05 255.75588030605823
786 6288 0 0 0 0.5773571291166415 1.623997694427318 1.242677335644462e-05 255.59573600713387
787 6296 0 0 0 0.577391434864983 1.6241128580684716 1.243437087885883e-05 255.54006179871584
788 6304 0 0 0 0.5773800056423543 1.6241357139711645 1.2415416186282058e-05 255.7150519753679
789 6312 0 0 0 0.5773987458478745 1.624064197511063 1.2434708297385773e-05 255.52828885197596
790 6320 0 0 0 0.5774240572111435 1.6240870075049194 1.2455117024938481e-05 255.33937435701165
791 6328 0 0 0 0.577434600794209 1.6240743293875675 1.2470208615111662e-05 255.18906934540885
792 6336 0 0 0 0.5774372711461498 1.624145342809778 1.2476103226425824e-05 255.14883894073296
793 6344 0 0 0 0.5774059207780474 1.62394201361674 1.2485008103917763e-05 255.05479096873285
794 6352 0 0 0 0.5774653727593531 1.624058975501966 1.2497237754256416e-05 254.94036396272585
795 6360 0 0 0 0.577492592941823 1.624085130562714 1.2494524696835067e-05 254.96364910401564
796 6368 0 0 0 0.5775464869691818 1.624092587180783 1.2504610440514558e-05 254.86959185055682
797 6376 0 0 0 0.577515827819759 1.6240813835453334 1.2493530983071108e-05 254.9762085146154
798 6384 0 0 0 0.5775391147088558 1.6241191979319731 1.2497886553865665e-05 254.93099310502967
799 6392 0 0 0 0.5775944245793297 1.624204653717656 1.2503293540463447e-05 254.8829043536582
800 6400 0 0 0 0.5776108063805617 1.6242037366440558 1.2496328718809016e-05 254.94356370412493
801 6408 0 0 0 0.5775175675955597 1.624136762061376 1.249823504231314e-05 254.9308152257351
802 6416 0 0 0 0.5775664807823826 1.6241181988961064 1.2502933531287713e-05 254.88703410983229
803 6424 0 0 0 0.5775644846929117 1.624117590220069 1.2495091041225297e-05 254.96218749068896
804 6432 0 0 0 0.5776083753880321 1.624204778259793 1.2487275207069974e-05 255.0364474691242
805 6440 0 0 0 0.5776302393625894 1.6241666042934675 1.2489178087010945e-05 255.0133275032445
806 6448 0 0 0 0.5776714808308335 1.624223117742645 1.2485138914790901e-05 255.04596054509412
807 6456 0 0 0 0.577619925497683 1.62420208592671 1.2487235218633082e-05 255.03025074595539
808 6464 0 0 0 0.5776279004855648 1.624236822398712 1.2482800678078646e-05 255.07178988301402
809 6472 0 0 0 0.5776375355787254 1.6242493875632018 1.2480917686127827e-05 255.08770021635607
810 6480 0 0 0 0.5776498923567323 1.6242907913463343 1.2485783165194915e-05 255.04538881719145
811 6488 0 0 0 0.577662464973687 1.6242760693355074 1.2491102524836005e-05 254.99489950724856
812 6496 0 0 0 0.577714727606434 1.6243546120952645 1.2498831821679612e-05 254.92495885026358
813 6504 0 0 0 0.5776817311230461 1.6243036365701076 1.249276568802924e-05 254.98125435513433
814 6512 0 0 0 0.5776961305096333 1.6243123063836147 1.2498063344497238e-05 254.93178503630827
815 6520 0 0 0 0.5776827720341348 1.6243332103936012 1.249665921797002e-05 254.94540074144604
816 6528 0 0 0 0.5776998589979143 1.6243651130235386 1.249239316534545e-05 254.9831120262316
817 6536 0 0 0 0.5777029419897695 1.6243725170554812 1.249020102921019e-05 255.00197772458998
818 6544 0 0 0 0.5777368240356628 1.624457149429681 1.249833760429221e-05 254.92885893667884
819 6552 0 0 0 0.5777743925336044 1.624525415967709 1.2494147128888228e-05 254.96355794868725
820 6560 0 0 0 0.577747960304452 1.6244088441817033 1.2492912657609497e-05 254.96684851465105
821 6568 0 0 0 0.5777418715205045 1.6243302900449994 1.249248747723053e-05 254.97015028867926
822 6576 0 0 0 0.5777128223812044 1.6242986805917392 1.2496156470038151e-05 254.93042304491007
823 6584 0 0 0 0.5776209647879329 1.6240923412804362 1.2482339454549283e-05 255.06242318300787
824 6592 0 0 0 0.577639716550158 1.624135181333646 1.2478061909896392e-05 255.10175623247198
825 6600 0 0 0 0.5776011939337165 1.6240615901595943 1.2458813683476315e-05 255.28048875175534
826 6608 0 0 0 0.5776690503309199 1.62417838677142 1.2456300128125967e-05 255.3021397050425
827 6616 0 0 0 0.5776278767022414 1.6240955279808058 1.2470608379468974e-05 255.16845565294182
828 6624 0 0 0 0.5776834163346612 1.6241923746978695 1.2473536623765105e-05 255.14248409537782
829 6632 0 0 0 0.5776807011715751 1.6241617448543555 1.2479573201501226e-05 255.08624604779774
830 6640 0 0 0 0.5777342336245412 1.6242855372806626 1.248259486325353e-05 255.06357433205716
831 6648 0 0 0 0.5777437774669409 1.624295037205817 1.2482526953489373e-05 255.0652046732036
832 6656 0 0 0 0.5777662900424011 1.6243671378611362 1.247183357277743e-05 255.16744767246635
833 6664 0 0 0 0.5776987828917016 1.6242441140877264 1.247042062811568e-05 255.18093699465604
834 6672 0 0 0 0.5777182381823601 1.6242242498642585 1.2483519565139073e-05 255.0575243636803
835 6680 0 0 0 0.5776695311427694 1.6241403366976979 1.2475549770443837e-05 255.13207502910223
836 6688 0 0 0 0.5776702152949094 1.62417335408635 1.2473752148375747e-05 255.14867939674352
837 6696 0 0 0 0.5776280323479039 1.6241253249779175 1.2467592048167395e-05 255.20253619515046
838 6704 0 0 0 0.577657283160788 1.6241958477552156 1.2463686993020974e-05 255.2384539358356
839 6712 0 0 0 0.5776681329372098 1.6242156218322297 1.246614166468783e-05 255.21723753530495
840 6720 0 0 0 0.5776614457204119 1.6241645111706904 1.247416865247582e-05 255.13974576979544
841 6728 0 0 0 0.5776632551161534 1.6241543572359065 1.2482278326767148e-05 255.0647158859705
842 6736 0 0 0 0.5776485704104789 1.624110749631114 1.2474950067546481e-05 255.13488463403883
843 6744 0 0 0 0.5776438710098594 1.6240916434031458 1.2476571443307909e-05 255.12401527347618
844 6752 0 0 0 0.577558111774573 1.6239085041659533 1.247782899626373e-05 255.11010858439766
845 6760 0 0 0 0.5775876452268647 1.6239935050474574 1.2474698081423875e-05 255.1362611751217
846 6768 0 0 0 0.5775717737570274 1.623990373270657 1.2469279773275006e-05 255.18723493789153
847 6776 0 0 0 0.5775938912000134 1.6240528344353464 1.2465838828303137e-05 255.21930059181648
848 6784 0 0 0 0.5775622669734123 1.6240072629495907 1.2461251941901181e-05 255.2603588823467
849 6792 0 0 0 0.5775502490462944 1.6239487302180853 1.2464128697488774e-05 255.23379740685442
850 6800 0 0 0 0.5775522706118943 1.6239662951778422 1.2459252343968072e-05 255.2746743614171
851 6808 0 0 0 0.5775408751677067 1.6239507438850693 1.2462153869421607e-05 255.24677389116653
852 6816 0 0 0 0.5775689143659591 1.6240004418260408 1.2462431428664953e-05 255.24664951133892
853 6824 0 0 0 0.5775667450592192 1.6239759066192765 1.2468285740662802e-05 255.19256629060925
854 6832 0 0 0 0.577570734832232 1.6240167947560904 1.2460970186980644e-05 255.260473270383
855 6840 0 0 0 0.5775710405727972 1.6240200719676878 1.245925091127567e-05 255.27799987195073
856 6848 0 0 0 0.5775659706516011 1.624043686457747 1.2456819189393036e-05 255.29991227451578
857 6856 0 0 0 0.5775780899604341 1.6240715413265359 1.245358537891766e-05 255.33241483532575
858 6864 0 0 0 0.5775748020836021 1.6240570783859702 1.2454601107698984e-05 255.32358269941395
859 6872 0 0 0 0.5775613692539874 1.6240487644013744 1.2451992708075337e-05 255.34566521737415
860 6880 0 0 0 0.5775592019471909 1.6240811771497796 1.2447485359525853e-05 255.38663260839027
861 6888 0 0 0 0.5775732498828733 1.6241002531488788 1.2450393747997052e-05 255.3605418629578
862 6896 0 0 0 0.577552762204101 1.6240350151920455 1.2453610270523187e-05 255.3317549025031
863 6904 0 0 0 0.5775455156390779 1.6240300241559453 1.2454359516117644e-05 255.3249368539641
864 6912 0 0 0 0.5775399518187561 1.624062735533483 1.2446268742298047e-05 255.39672954593811
865 6920 0 0 0 0.5775442828641353 1.624068012625409 1.2445196228660298e-05 255.40447139774656
866 6928 0 0 0 0.5775551505507646 1.6241165840419367 1.2441738962577781e-05 255.43583991808597
867 6936 0 0 0 0.5775521622485458 1.624135763691413 1.243648438433133e-05 255.4830387065548
868 6944 0 0 0 0.5775694847030657 1.6241417255428652 1.2441854538477186e-05 255.4370945716866
869 6952 0 0 0 0.5775649129935839 1.6241221250163165 1.2444306033106617e-05 255.41320023157036
870 6960 0 0 0 0.5775583287008701 1.624105451373665 1.2443267957846629e-05 255.4216524110738
871 6968 0 0 0 0.5775580023437605 1.6240874942397026 1.2446233137340366e-05 255.3934229668862
872 6976 0 0 0 0.5775509862245889 1.6240919883440719 1.2443159912956848e-05 255.42002171571707
873 6984 0 0 0 0.5775568441932845 1.6241039487824855 1.2444880234998204e-05 255.40446888056255
874 6992 0 0 0 0.5775565491024423 1.6241197215474141 1.244171766031599e-05 255.4331711640095
875 7000 0 0 0 0.5775721004609707 1.6241234385368082 1.2447890055310773e-05 255.37735514569547
876 7008 0 0 0 0.5775470023514745 1.6240928793077967 1.2444799866129373e-05 255.40636685015303
877 7016 0 0 0 0.577574860724115 1.6241358647583657 1.2445818857633339e-05 255.39918591502754
878 7024 0 0 0 0.577579403240484 1.6241206345602106 1.2450031103774244e-05 255.36078255836685
879 7032 0 0 0 0.5775924825832979 1.6241296167822084 1.2455856914922782e-05 255.3101386327625
880 7040 0 0 0 0.5776027375204188 1.624159344112899 1.2453327443397923e-05 255.33301188380938
881 7048 0 0 0 0.5775892355666411 1.6241322799160587 1.2455897015645312e-05 255.308773057117
882 7056 0 0 0 0.5775916924457395 1.624131391826633 1.2456490122241297e-05 255.30222428959758
883 7064 0 0 0 0.5776069549977161 1.6241402805086602 1.2460940798061182e-05 255.26154858020902
884 7072 0 0 0 0.577609019497538 1.6241366359368237 1.246225272998018e-05 255.25013243003056
885 7080 0 0 0 0.577614804173078 1.6241581354611627 1.246088314317176e-05 255.26103566168769
886 7088 0 0 0 0.5776107957821027 1.6241439308338361 1.2460021254343257e-05 255.26842832947673
887 7096 0 0 0 0.5776178773106935 1.6241811182447847 1.2457728048375225e-05 255.28816595164696
888 7104 0 0 0 0.5776174361832466 1.6242057841493915 1.2456289781388642e-05 255.29998622649248
889 7112 0 0 0 0.5776288878023462 1.6242094643537102 1.2460336079786916e-05 255.2635252095342
890 7120 0 0 0 0.5776035681295596 1.624169204113544 1.2462078549766274e-05 255.2510427305787
891 7128 0 0 0 0.5775816983647668 1.6241110455760377 1.2462623910321043e-05 255.24801684177422
892 7136 0 0 0 0.5775684642375584 1.6241070126831298 1.2460049036427289e-05 255.26995597813192
893 7144 0 0 0 0.5775826056955147 1.6241043836265805 1.2464125775713766e-05 255.23370376442523
894 7152 0 0 0 0.5775695055596324 1.62414251840244 1.2455267744024016e-05 255.31252305927296
895 7160 0 0 0 0.5775987433202696 1.6242184564648314 1.2452466969245743e-05 255.33752616274046
896 7168 0 0 0 0.5776097715028027 1.6242455364525148 1.2450862474078482e-05 255.35319241776435
897 7176 0 0 0 0.577593664050287 1.6242621704216487 1.2444636183399194e-05 255.41059126774334
898 7184 0 0 0 0.5775685276321976 1.6242600078320462 1.2440355115337289e-05 255.4498049210506
899 7192 0 0 0 0.5776048695003401 1.6243432575784562 1.2438462069743941e-05 255.46069796043147
900 7200 0 0 0 0.5775889390109215 1.6243426595602215 1.2434279255162753e-05 255.49915039490224
901 7208 0 0 0 0.5776039361883879 1.6243524194013523 1.2436195401042376e-05 255.4812675247121
902 7216 0 0 0 0.5776004669803513 1.624379391545926 1.2430491890249904e-05 255.53118803721634
903 7224 0 0 0 0.5775833028520624 1.6243514795844922 1.2427957525093408e-05 255.55516581666168
904 7232 0 0 0 0.5775768786770409 1.624332600647568 1.242999242740822e-05 255.5363294724484
905 7240 0 0 0 0.5775735127740721 1.6243127402332664 1.243177816383258e-05 255.52185899499094
906 7248 0 0 0 0.5775956903833678 1.6243370847060974 1.2433267056982706e-05 255.50813857678818
907 7256 0 0 0 0.5775829438207264 1.624282753318192 1.2437678015254981e-05 255.46997422859454
908 7264 0 0 0 0.5775743869099725 1.6242615920329524 1.2438912431817622e-05 255.46064810947806
909 7272 0 0 0 0.5775738647103955 1.624243202592424 1.2441164247930605e-05 255.4411624207266
910 7280 0 0 0 0.5775869324502207 1.624223977202126 1.2447348675951214e-05 255.3865592922506
911 7288 0 0 0 0.5776130740358831 1.6242621210298644 1.2447349339566102e-05 255.38538293100285
912 7296 0 0 0 0.5776188830989839 1.6242777688103067 1.244832922199436e-05 255.37654395681105
913 7304 0 0 0 0.5775991898030576 1.6242984016072706 1.2440254638912303e-05 255.44671354674452
914 7312 0 0 0 0.5776071346932284 1.624307558287872 1.2440699834004676e-05 255.441733701657
915 7320 0 0 0 0.577609343469937 1.624307020639811 1.244049602608529e-05 255.4433870694188
916 7328 0 0 0 0.5775967817859653 1.6243133012045405 1.2437703689555412e-05 255.46884505656558
917 7336 0 0 0 0.5775882005881462 1.6243142445539176 1.2435692254560746e-05 255.4852120818826
918 7344 0 0 0 0.5775676198726586 1.6243119264958752 1.2431235475900421e-05 255.52491018278357
919 7352 0 0 0 0.5775621935349384 1.6243127395993537 1.2430503127621191e-05 255.5309690714112
920 7360 0 0 0 0.5775558721140316 1.6243169218560956 1.2428315416506914e-05 255.5498143018921
921 7368 0 0 0 0.5775633890985516 1.6243181320917548 1.243067857105118e-05 255.5282317871265
922 7376 0 0 0 0.5775807350798494 1.6243073061116302 1.2435686856497462e-05 255.48462133162016
923 7384 0 0 0 0.5775801455089772 1.6243019847665483 1.2436317382986633e-05 255.479061974492
924 7392 0 0 0 0.5775882980501191 1.6242890314456333 1.2440510064948126e-05 255.4427384471592
925 7400 0 0 0 0.5775964101701395 1.6242879274475288 1.244352789106401e-05 255.4168195065943
926 7408 0 0 0 0.577609967121026 1.624301768717664 1.244434505398375e-05 255.40963360271778
927 7416 0 0 0 0.5776134319689106 1.6243164414277969 1.244289871551297e-05 255.42292665624325
928 7424 0 0 0 0.5776041808482317 1.6243198194420652 1.2439393600093313e-05 255.45382284264542
929 7432 0 0 0 0.5776137940160834 1.6243300603378625 1.2439279074482716e-05 255.45410427458566
930 7440 0 0 0 0.5776258755606264 1.6243264283983563 1.2442182302437114e-05 255.43052130457173
931 7448 0 0 0 0.5776142463125179 1.6243452648672503 1.2435837361368482e-05 255.48560947369944
932 7456 0 0 0 0.5776308955336774 1.6243442580270335 1.2440147269158895e-05 255.44710083739471
933 7464 0 0 0 0.5776395247231116 1.62433805182362 1.2443157897596056e-05 255.42113971414767
934 7472 0 0 0 0.5776420231751465 1.624315189875202 1.2447757802413256e-05 255.38019748845028
935 7480 0 0 0 0.5776409955660307 1.6242996605059936 1.2450488337098933e-05 255.3563696536341
936 7488 0 0 0 0.5776498124949897 1.624293757569484 1.2453431011076121e-05 255.33013716408013
937 7496 0 0 0 0.5776451784200921 1.624276554944561 1.245530130869028e-05 255.31274003707193
938 7504 0 0 0 0.5776281561968726 1.6242827718120194 1.2450693728287524e-05 255.35296154571296
939 7512 0 0 0 0.5776187621424937 1.6242563249085742 1.2453623548575488e-05 255.3266037169976
940 7520 0 0 0 0.5776255210869673 1.6242749806359136 1.2451057366845073e-05 255.35109536052408
941 7528 0 0 0 0.5776348892331826 1.624269980663633 1.2454102416038029e-05 255.3259386500038
942 7536 0 0 0 0.5776089109606636 1.624241417879002 1.2452437220990985e-05 255.338637643081
943 7544 0 0 0 0.5775982597672306 1.624244717981283 1.2448927041244288e-05 255.37018112424508
944 7552 0 0 0 0.5775934426556413 1.6242310372915343 1.2450169942859252e-05 255.3587069985219
945 7560 0 0 0 0.5776075157687188 1.624235939038652 1.2452201821708966e-05 255.34040886142964
946 7568 0 0 0 0.577630364699968 1.6242659170936327 1.2452873063687408e-05 255.336272874352
947 7576 0 0 0 0.5776468572541296 1.624288489283586 1.2452894844364237e-05 255.33726474549007
948 7584 0 0 0 0.5776266854100855 1.6242705437962282 1.2451136388077185e-05 255.35137130337208
949 7592 0 0 0 0.5776275705227907 1.6242807773650692 1.2450192606779454e-05 255.3596018389315
950 7600 0 0 0 0.5776439519927558 1.624283234900225 1.2454139410129441e-05 255.3252700812874
951 7608 0 0 0 0.5776327191118804 1.6242760264602794 1.2451410376828126e-05 255.34849060881612
952 7616 0 0 0 0.5776451271076111 1.6242845529544792 1.2453043697508136e-05 255.3347277862723
953 7624 0 0 0 0.5776325681040738 1.6242553924503702 1.2454850059935694e-05 255.31847650616209
954 7632 0 0 0 0.5776489883136557 1.6242812331334138 1.2455065094323701e-05 255.3171284194045
955 7640 0 0 0 0.5776363766458388 1.624268317937858 1.2453493422389809e-05 255.32948261948647
956 7648 0 0 0 0.577642692758002 1.6242745495752438 1.2453990215893894e-05 255.3243723369174
957 7656 0 0 0 0.5776361647648733 1.6242839317126185 1.2450761492552767e-05 255.35255355256254
958 7664 0 0 0 0.5776253208740907 1.6242570138669725 1.2452870019636896e-05 255.33348522748872
959 7672 0 0 0 0.5776294210122503 1.6242787161648273 1.2450399319665629e-05 255.35599033429986
960 7680 0 0 0 0.5776293615946517 1.6242841567256092 1.2448982619106831e-05 255.3680696225333
961 7688 0 0 0 0.5776345660379254 1.6242728319110196 1.2452517447460092e-05 255.33748606800825
962 7696 0 0 0 0.577623806205778 1.6242759906592061 1.244913982690638e-05 255.36756746434042
963 7704 0 0 0 0.5776246538880367 1.6242674258289787 1.245086758712756e-05 255.35301295194327
964 7712 0 0 0 0.577622893763444 1.624263672435089 1.2450960445919232e-05 255.35093842916896
965 7720 0 0 0 0.5776335291527744 1.6242897940653318 1.2448630858274018e-05 255.37123011378867
